county,precinct,office,district,party,candidate,votes
LENOIR,FC_FALLING CREEK,CITY OF KINSTON CITY COUNCIL - DEM,,DEM,Joseph M. Tyson,5
LENOIR,K1_KINSTON -1,CITY OF KINSTON CITY COUNCIL - DEM,,DEM,Joseph M. Tyson,20
LENOIR,K2_KINSTON-2,CITY OF KINSTON CITY COUNCIL - DEM,,DEM,Joseph M. Tyson,45
LENOIR,K3_KINSTON-3,CITY OF KINSTON CITY COUNCIL - DEM,,DEM,Joseph M. Tyson,49
LENOIR,K4_KINSTON-4,CITY OF KINSTON CITY COUNCIL - DEM,,DEM,Joseph M. Tyson,148
LENOIR,K5_KINSTON-5,CITY OF KINSTON CITY COUNCIL - DEM,,DEM,Joseph M. Tyson,89
LENOIR,K6_KINSTON-6,CITY OF KINSTON CITY COUNCIL - DEM,,DEM,Joseph M. Tyson,96
LENOIR,K7_KINSTON-7,CITY OF KINSTON CITY COUNCIL - DEM,,DEM,Joseph M. Tyson,131
LENOIR,K8_KINSTON-8,CITY OF KINSTON CITY COUNCIL - DEM,,DEM,Joseph M. Tyson,110
LENOIR,K9_KINSTON-9,CITY OF KINSTON CITY COUNCIL - DEM,,DEM,Joseph M. Tyson,134
LENOIR,N_NEUSE,CITY OF KINSTON CITY COUNCIL - DEM,,DEM,Joseph M. Tyson,0
LENOIR,SW_SOUTHWEST,CITY OF KINSTON CITY COUNCIL - DEM,,DEM,Joseph M. Tyson,0
LENOIR,V_VANCE,CITY OF KINSTON CITY COUNCIL - DEM,,DEM,Joseph M. Tyson,4
LENOIR,ABSENTEE MAIL,CITY OF KINSTON CITY COUNCIL - DEM,,DEM,Joseph M. Tyson,1
LENOIR,PROVISIONAL,CITY OF KINSTON CITY COUNCIL - DEM,,DEM,Joseph M. Tyson,5
LENOIR,CURBSIDE,CITY OF KINSTON CITY COUNCIL - DEM,,DEM,Joseph M. Tyson,29
LENOIR,FC_FALLING CREEK,CITY OF KINSTON CITY COUNCIL - DEM,,DEM,Joseph Plasky,3
LENOIR,K1_KINSTON -1,CITY OF KINSTON CITY COUNCIL - DEM,,DEM,Joseph Plasky,2
LENOIR,K2_KINSTON-2,CITY OF KINSTON CITY COUNCIL - DEM,,DEM,Joseph Plasky,3
LENOIR,K3_KINSTON-3,CITY OF KINSTON CITY COUNCIL - DEM,,DEM,Joseph Plasky,35
LENOIR,K4_KINSTON-4,CITY OF KINSTON CITY COUNCIL - DEM,,DEM,Joseph Plasky,207
LENOIR,K5_KINSTON-5,CITY OF KINSTON CITY COUNCIL - DEM,,DEM,Joseph Plasky,63
LENOIR,K6_KINSTON-6,CITY OF KINSTON CITY COUNCIL - DEM,,DEM,Joseph Plasky,16
LENOIR,K7_KINSTON-7,CITY OF KINSTON CITY COUNCIL - DEM,,DEM,Joseph Plasky,16
LENOIR,K8_KINSTON-8,CITY OF KINSTON CITY COUNCIL - DEM,,DEM,Joseph Plasky,10
LENOIR,K9_KINSTON-9,CITY OF KINSTON CITY COUNCIL - DEM,,DEM,Joseph Plasky,80
LENOIR,N_NEUSE,CITY OF KINSTON CITY COUNCIL - DEM,,DEM,Joseph Plasky,0
LENOIR,SW_SOUTHWEST,CITY OF KINSTON CITY COUNCIL - DEM,,DEM,Joseph Plasky,0
LENOIR,V_VANCE,CITY OF KINSTON CITY COUNCIL - DEM,,DEM,Joseph Plasky,1
LENOIR,ABSENTEE MAIL,CITY OF KINSTON CITY COUNCIL - DEM,,DEM,Joseph Plasky,0
LENOIR,PROVISIONAL,CITY OF KINSTON CITY COUNCIL - DEM,,DEM,Joseph Plasky,0
LENOIR,CURBSIDE,CITY OF KINSTON CITY COUNCIL - DEM,,DEM,Joseph Plasky,4
LENOIR,FC_FALLING CREEK,CITY OF KINSTON CITY COUNCIL - DEM,,DEM,Kelly Jarman,9
LENOIR,K1_KINSTON -1,CITY OF KINSTON CITY COUNCIL - DEM,,DEM,Kelly Jarman,5
LENOIR,K2_KINSTON-2,CITY OF KINSTON CITY COUNCIL - DEM,,DEM,Kelly Jarman,15
LENOIR,K3_KINSTON-3,CITY OF KINSTON CITY COUNCIL - DEM,,DEM,Kelly Jarman,46
LENOIR,K4_KINSTON-4,CITY OF KINSTON CITY COUNCIL - DEM,,DEM,Kelly Jarman,260
LENOIR,K5_KINSTON-5,CITY OF KINSTON CITY COUNCIL - DEM,,DEM,Kelly Jarman,73
LENOIR,K6_KINSTON-6,CITY OF KINSTON CITY COUNCIL - DEM,,DEM,Kelly Jarman,35
LENOIR,K7_KINSTON-7,CITY OF KINSTON CITY COUNCIL - DEM,,DEM,Kelly Jarman,38
LENOIR,K8_KINSTON-8,CITY OF KINSTON CITY COUNCIL - DEM,,DEM,Kelly Jarman,28
LENOIR,K9_KINSTON-9,CITY OF KINSTON CITY COUNCIL - DEM,,DEM,Kelly Jarman,117
LENOIR,N_NEUSE,CITY OF KINSTON CITY COUNCIL - DEM,,DEM,Kelly Jarman,2
LENOIR,SW_SOUTHWEST,CITY OF KINSTON CITY COUNCIL - DEM,,DEM,Kelly Jarman,0
LENOIR,V_VANCE,CITY OF KINSTON CITY COUNCIL - DEM,,DEM,Kelly Jarman,4
LENOIR,ABSENTEE MAIL,CITY OF KINSTON CITY COUNCIL - DEM,,DEM,Kelly Jarman,0
LENOIR,PROVISIONAL,CITY OF KINSTON CITY COUNCIL - DEM,,DEM,Kelly Jarman,2
LENOIR,CURBSIDE,CITY OF KINSTON CITY COUNCIL - DEM,,DEM,Kelly Jarman,9
LENOIR,FC_FALLING CREEK,CITY OF KINSTON CITY COUNCIL - DEM,,DEM,Ronnie Isler,5
LENOIR,K1_KINSTON -1,CITY OF KINSTON CITY COUNCIL - DEM,,DEM,Ronnie Isler,13
LENOIR,K2_KINSTON-2,CITY OF KINSTON CITY COUNCIL - DEM,,DEM,Ronnie Isler,25
LENOIR,K3_KINSTON-3,CITY OF KINSTON CITY COUNCIL - DEM,,DEM,Ronnie Isler,30
LENOIR,K4_KINSTON-4,CITY OF KINSTON CITY COUNCIL - DEM,,DEM,Ronnie Isler,54
LENOIR,K5_KINSTON-5,CITY OF KINSTON CITY COUNCIL - DEM,,DEM,Ronnie Isler,43
LENOIR,K6_KINSTON-6,CITY OF KINSTON CITY COUNCIL - DEM,,DEM,Ronnie Isler,60
LENOIR,K7_KINSTON-7,CITY OF KINSTON CITY COUNCIL - DEM,,DEM,Ronnie Isler,85
LENOIR,K8_KINSTON-8,CITY OF KINSTON CITY COUNCIL - DEM,,DEM,Ronnie Isler,50
LENOIR,K9_KINSTON-9,CITY OF KINSTON CITY COUNCIL - DEM,,DEM,Ronnie Isler,57
LENOIR,N_NEUSE,CITY OF KINSTON CITY COUNCIL - DEM,,DEM,Ronnie Isler,0
LENOIR,SW_SOUTHWEST,CITY OF KINSTON CITY COUNCIL - DEM,,DEM,Ronnie Isler,0
LENOIR,V_VANCE,CITY OF KINSTON CITY COUNCIL - DEM,,DEM,Ronnie Isler,4
LENOIR,ABSENTEE MAIL,CITY OF KINSTON CITY COUNCIL - DEM,,DEM,Ronnie Isler,1
LENOIR,PROVISIONAL,CITY OF KINSTON CITY COUNCIL - DEM,,DEM,Ronnie Isler,2
LENOIR,CURBSIDE,CITY OF KINSTON CITY COUNCIL - DEM,,DEM,Ronnie Isler,12
LENOIR,FC_FALLING CREEK,CITY OF KINSTON CITY COUNCIL - DEM,,DEM,William A. Cooke,3
LENOIR,K1_KINSTON -1,CITY OF KINSTON CITY COUNCIL - DEM,,DEM,William A. Cooke,7
LENOIR,K2_KINSTON-2,CITY OF KINSTON CITY COUNCIL - DEM,,DEM,William A. Cooke,17
LENOIR,K3_KINSTON-3,CITY OF KINSTON CITY COUNCIL - DEM,,DEM,William A. Cooke,19
LENOIR,K4_KINSTON-4,CITY OF KINSTON CITY COUNCIL - DEM,,DEM,William A. Cooke,25
LENOIR,K5_KINSTON-5,CITY OF KINSTON CITY COUNCIL - DEM,,DEM,William A. Cooke,32
LENOIR,K6_KINSTON-6,CITY OF KINSTON CITY COUNCIL - DEM,,DEM,William A. Cooke,40
LENOIR,K7_KINSTON-7,CITY OF KINSTON CITY COUNCIL - DEM,,DEM,William A. Cooke,67
LENOIR,K8_KINSTON-8,CITY OF KINSTON CITY COUNCIL - DEM,,DEM,William A. Cooke,40
LENOIR,K9_KINSTON-9,CITY OF KINSTON CITY COUNCIL - DEM,,DEM,William A. Cooke,47
LENOIR,N_NEUSE,CITY OF KINSTON CITY COUNCIL - DEM,,DEM,William A. Cooke,0
LENOIR,SW_SOUTHWEST,CITY OF KINSTON CITY COUNCIL - DEM,,DEM,William A. Cooke,0
LENOIR,V_VANCE,CITY OF KINSTON CITY COUNCIL - DEM,,DEM,William A. Cooke,1
LENOIR,ABSENTEE MAIL,CITY OF KINSTON CITY COUNCIL - DEM,,DEM,William A. Cooke,0
LENOIR,PROVISIONAL,CITY OF KINSTON CITY COUNCIL - DEM,,DEM,William A. Cooke,2
LENOIR,CURBSIDE,CITY OF KINSTON CITY COUNCIL - DEM,,DEM,William A. Cooke,15
LENOIR,FC_FALLING CREEK,CITY OF KINSTON CITY COUNCIL - DEM,,DEM,Sammy C. Aiken,6
LENOIR,K1_KINSTON -1,CITY OF KINSTON CITY COUNCIL - DEM,,DEM,Sammy C. Aiken,16
LENOIR,K2_KINSTON-2,CITY OF KINSTON CITY COUNCIL - DEM,,DEM,Sammy C. Aiken,31
LENOIR,K3_KINSTON-3,CITY OF KINSTON CITY COUNCIL - DEM,,DEM,Sammy C. Aiken,30
LENOIR,K4_KINSTON-4,CITY OF KINSTON CITY COUNCIL - DEM,,DEM,Sammy C. Aiken,49
LENOIR,K5_KINSTON-5,CITY OF KINSTON CITY COUNCIL - DEM,,DEM,Sammy C. Aiken,39
LENOIR,K6_KINSTON-6,CITY OF KINSTON CITY COUNCIL - DEM,,DEM,Sammy C. Aiken,61
LENOIR,K7_KINSTON-7,CITY OF KINSTON CITY COUNCIL - DEM,,DEM,Sammy C. Aiken,111
LENOIR,K8_KINSTON-8,CITY OF KINSTON CITY COUNCIL - DEM,,DEM,Sammy C. Aiken,76
LENOIR,K9_KINSTON-9,CITY OF KINSTON CITY COUNCIL - DEM,,DEM,Sammy C. Aiken,61
LENOIR,N_NEUSE,CITY OF KINSTON CITY COUNCIL - DEM,,DEM,Sammy C. Aiken,0
LENOIR,SW_SOUTHWEST,CITY OF KINSTON CITY COUNCIL - DEM,,DEM,Sammy C. Aiken,0
LENOIR,V_VANCE,CITY OF KINSTON CITY COUNCIL - DEM,,DEM,Sammy C. Aiken,1
LENOIR,ABSENTEE MAIL,CITY OF KINSTON CITY COUNCIL - DEM,,DEM,Sammy C. Aiken,0
LENOIR,PROVISIONAL,CITY OF KINSTON CITY COUNCIL - DEM,,DEM,Sammy C. Aiken,3
LENOIR,CURBSIDE,CITY OF KINSTON CITY COUNCIL - DEM,,DEM,Sammy C. Aiken,16
LINCOLN,AS25_ASBURY,CITY OF LINCOLNTON COUNCIL MEMBER WARD II - REP,,REP,Thomas R. Hawk,8
LINCOLN,BC13_BOGER CITY,CITY OF LINCOLNTON COUNCIL MEMBER WARD II - REP,,REP,Thomas R. Hawk,3
LINCOLN,HG17_HICKORY GROVE,CITY OF LINCOLNTON COUNCIL MEMBER WARD II - REP,,REP,Thomas R. Hawk,0
LINCOLN,LI14_LITHIA,CITY OF LINCOLNTON COUNCIL MEMBER WARD II - REP,,REP,Thomas R. Hawk,9
LINCOLN,LN11_LINCOLNTON/NORTH,CITY OF LINCOLNTON COUNCIL MEMBER WARD II - REP,,REP,Thomas R. Hawk,13
LINCOLN,LS12_LINCOLNTON/SOUTH,CITY OF LINCOLNTON COUNCIL MEMBER WARD II - REP,,REP,Thomas R. Hawk,5
LINCOLN,OG10_OAK GROVE,CITY OF LINCOLNTON COUNCIL MEMBER WARD II - REP,,REP,Thomas R. Hawk,0
LINCOLN,SL24_SALEM,CITY OF LINCOLNTON COUNCIL MEMBER WARD II - REP,,REP,Thomas R. Hawk,3
LINCOLN,ONE STOP,CITY OF LINCOLNTON COUNCIL MEMBER WARD II - REP,,REP,Thomas R. Hawk,9
LINCOLN,ABSENTEE,CITY OF LINCOLNTON COUNCIL MEMBER WARD II - REP,,REP,Thomas R. Hawk,0
LINCOLN,PROVISIONAL,CITY OF LINCOLNTON COUNCIL MEMBER WARD II - REP,,REP,Thomas R. Hawk,0
LINCOLN,TRANSFER,CITY OF LINCOLNTON COUNCIL MEMBER WARD II - REP,,REP,Thomas R. Hawk,0
LINCOLN,AS25_ASBURY,CITY OF LINCOLNTON COUNCIL MEMBER WARD II - REP,,REP,"Sam Ausband, Jr.",0
LINCOLN,BC13_BOGER CITY,CITY OF LINCOLNTON COUNCIL MEMBER WARD II - REP,,REP,"Sam Ausband, Jr.",1
LINCOLN,HG17_HICKORY GROVE,CITY OF LINCOLNTON COUNCIL MEMBER WARD II - REP,,REP,"Sam Ausband, Jr.",0
LINCOLN,LI14_LITHIA,CITY OF LINCOLNTON COUNCIL MEMBER WARD II - REP,,REP,"Sam Ausband, Jr.",28
LINCOLN,LN11_LINCOLNTON/NORTH,CITY OF LINCOLNTON COUNCIL MEMBER WARD II - REP,,REP,"Sam Ausband, Jr.",15
LINCOLN,LS12_LINCOLNTON/SOUTH,CITY OF LINCOLNTON COUNCIL MEMBER WARD II - REP,,REP,"Sam Ausband, Jr.",18
LINCOLN,OG10_OAK GROVE,CITY OF LINCOLNTON COUNCIL MEMBER WARD II - REP,,REP,"Sam Ausband, Jr.",0
LINCOLN,SL24_SALEM,CITY OF LINCOLNTON COUNCIL MEMBER WARD II - REP,,REP,"Sam Ausband, Jr.",0
LINCOLN,ONE STOP,CITY OF LINCOLNTON COUNCIL MEMBER WARD II - REP,,REP,"Sam Ausband, Jr.",33
LINCOLN,ABSENTEE,CITY OF LINCOLNTON COUNCIL MEMBER WARD II - REP,,REP,"Sam Ausband, Jr.",0
LINCOLN,PROVISIONAL,CITY OF LINCOLNTON COUNCIL MEMBER WARD II - REP,,REP,"Sam Ausband, Jr.",0
LINCOLN,TRANSFER,CITY OF LINCOLNTON COUNCIL MEMBER WARD II - REP,,REP,"Sam Ausband, Jr.",0
MECKLENBURG,001,CITY OF CHARLOTTE CITY COUNCIL AT-LARGE - DEM,,DEM,Jarrisha Abraham Rorie,2
MECKLENBURG,002,CITY OF CHARLOTTE CITY COUNCIL AT-LARGE - DEM,,DEM,Jarrisha Abraham Rorie,5
MECKLENBURG,003,CITY OF CHARLOTTE CITY COUNCIL AT-LARGE - DEM,,DEM,Jarrisha Abraham Rorie,15
MECKLENBURG,004,CITY OF CHARLOTTE CITY COUNCIL AT-LARGE - DEM,,DEM,Jarrisha Abraham Rorie,25
MECKLENBURG,005,CITY OF CHARLOTTE CITY COUNCIL AT-LARGE - DEM,,DEM,Jarrisha Abraham Rorie,9
MECKLENBURG,006,CITY OF CHARLOTTE CITY COUNCIL AT-LARGE - DEM,,DEM,Jarrisha Abraham Rorie,17
MECKLENBURG,007,CITY OF CHARLOTTE CITY COUNCIL AT-LARGE - DEM,,DEM,Jarrisha Abraham Rorie,11
MECKLENBURG,008,CITY OF CHARLOTTE CITY COUNCIL AT-LARGE - DEM,,DEM,Jarrisha Abraham Rorie,1
MECKLENBURG,009,CITY OF CHARLOTTE CITY COUNCIL AT-LARGE - DEM,,DEM,Jarrisha Abraham Rorie,11
MECKLENBURG,010,CITY OF CHARLOTTE CITY COUNCIL AT-LARGE - DEM,,DEM,Jarrisha Abraham Rorie,11
MECKLENBURG,011,CITY OF CHARLOTTE CITY COUNCIL AT-LARGE - DEM,,DEM,Jarrisha Abraham Rorie,34
MECKLENBURG,012,CITY OF CHARLOTTE CITY COUNCIL AT-LARGE - DEM,,DEM,Jarrisha Abraham Rorie,21
MECKLENBURG,013,CITY OF CHARLOTTE CITY COUNCIL AT-LARGE - DEM,,DEM,Jarrisha Abraham Rorie,18
MECKLENBURG,014,CITY OF CHARLOTTE CITY COUNCIL AT-LARGE - DEM,,DEM,Jarrisha Abraham Rorie,15
MECKLENBURG,015,CITY OF CHARLOTTE CITY COUNCIL AT-LARGE - DEM,,DEM,Jarrisha Abraham Rorie,10
MECKLENBURG,016,CITY OF CHARLOTTE CITY COUNCIL AT-LARGE - DEM,,DEM,Jarrisha Abraham Rorie,66
MECKLENBURG,017,CITY OF CHARLOTTE CITY COUNCIL AT-LARGE - DEM,,DEM,Jarrisha Abraham Rorie,19
MECKLENBURG,018,CITY OF CHARLOTTE CITY COUNCIL AT-LARGE - DEM,,DEM,Jarrisha Abraham Rorie,3
MECKLENBURG,019,CITY OF CHARLOTTE CITY COUNCIL AT-LARGE - DEM,,DEM,Jarrisha Abraham Rorie,1
MECKLENBURG,020,CITY OF CHARLOTTE CITY COUNCIL AT-LARGE - DEM,,DEM,Jarrisha Abraham Rorie,6
MECKLENBURG,021,CITY OF CHARLOTTE CITY COUNCIL AT-LARGE - DEM,,DEM,Jarrisha Abraham Rorie,10
MECKLENBURG,022,CITY OF CHARLOTTE CITY COUNCIL AT-LARGE - DEM,,DEM,Jarrisha Abraham Rorie,26
MECKLENBURG,023,CITY OF CHARLOTTE CITY COUNCIL AT-LARGE - DEM,,DEM,Jarrisha Abraham Rorie,28
MECKLENBURG,024,CITY OF CHARLOTTE CITY COUNCIL AT-LARGE - DEM,,DEM,Jarrisha Abraham Rorie,27
MECKLENBURG,025,CITY OF CHARLOTTE CITY COUNCIL AT-LARGE - DEM,,DEM,Jarrisha Abraham Rorie,40
MECKLENBURG,026,CITY OF CHARLOTTE CITY COUNCIL AT-LARGE - DEM,,DEM,Jarrisha Abraham Rorie,40
MECKLENBURG,027,CITY OF CHARLOTTE CITY COUNCIL AT-LARGE - DEM,,DEM,Jarrisha Abraham Rorie,18
MECKLENBURG,028,CITY OF CHARLOTTE CITY COUNCIL AT-LARGE - DEM,,DEM,Jarrisha Abraham Rorie,8
MECKLENBURG,029,CITY OF CHARLOTTE CITY COUNCIL AT-LARGE - DEM,,DEM,Jarrisha Abraham Rorie,11
MECKLENBURG,030,CITY OF CHARLOTTE CITY COUNCIL AT-LARGE - DEM,,DEM,Jarrisha Abraham Rorie,12
MECKLENBURG,031,CITY OF CHARLOTTE CITY COUNCIL AT-LARGE - DEM,,DEM,Jarrisha Abraham Rorie,30
MECKLENBURG,032,CITY OF CHARLOTTE CITY COUNCIL AT-LARGE - DEM,,DEM,Jarrisha Abraham Rorie,5
MECKLENBURG,033,CITY OF CHARLOTTE CITY COUNCIL AT-LARGE - DEM,,DEM,Jarrisha Abraham Rorie,13
MECKLENBURG,034,CITY OF CHARLOTTE CITY COUNCIL AT-LARGE - DEM,,DEM,Jarrisha Abraham Rorie,20
MECKLENBURG,035,CITY OF CHARLOTTE CITY COUNCIL AT-LARGE - DEM,,DEM,Jarrisha Abraham Rorie,2
MECKLENBURG,036,CITY OF CHARLOTTE CITY COUNCIL AT-LARGE - DEM,,DEM,Jarrisha Abraham Rorie,9
MECKLENBURG,037,CITY OF CHARLOTTE CITY COUNCIL AT-LARGE - DEM,,DEM,Jarrisha Abraham Rorie,7
MECKLENBURG,038,CITY OF CHARLOTTE CITY COUNCIL AT-LARGE - DEM,,DEM,Jarrisha Abraham Rorie,11
MECKLENBURG,039,CITY OF CHARLOTTE CITY COUNCIL AT-LARGE - DEM,,DEM,Jarrisha Abraham Rorie,16
MECKLENBURG,040,CITY OF CHARLOTTE CITY COUNCIL AT-LARGE - DEM,,DEM,Jarrisha Abraham Rorie,25
MECKLENBURG,041,CITY OF CHARLOTTE CITY COUNCIL AT-LARGE - DEM,,DEM,Jarrisha Abraham Rorie,22
MECKLENBURG,042,CITY OF CHARLOTTE CITY COUNCIL AT-LARGE - DEM,,DEM,Jarrisha Abraham Rorie,28
MECKLENBURG,043,CITY OF CHARLOTTE CITY COUNCIL AT-LARGE - DEM,,DEM,Jarrisha Abraham Rorie,22
MECKLENBURG,044,CITY OF CHARLOTTE CITY COUNCIL AT-LARGE - DEM,,DEM,Jarrisha Abraham Rorie,9
MECKLENBURG,045,CITY OF CHARLOTTE CITY COUNCIL AT-LARGE - DEM,,DEM,Jarrisha Abraham Rorie,10
MECKLENBURG,046,CITY OF CHARLOTTE CITY COUNCIL AT-LARGE - DEM,,DEM,Jarrisha Abraham Rorie,12
MECKLENBURG,047,CITY OF CHARLOTTE CITY COUNCIL AT-LARGE - DEM,,DEM,Jarrisha Abraham Rorie,7
MECKLENBURG,048,CITY OF CHARLOTTE CITY COUNCIL AT-LARGE - DEM,,DEM,Jarrisha Abraham Rorie,0
MECKLENBURG,049,CITY OF CHARLOTTE CITY COUNCIL AT-LARGE - DEM,,DEM,Jarrisha Abraham Rorie,1
MECKLENBURG,050,CITY OF CHARLOTTE CITY COUNCIL AT-LARGE - DEM,,DEM,Jarrisha Abraham Rorie,9
MECKLENBURG,051,CITY OF CHARLOTTE CITY COUNCIL AT-LARGE - DEM,,DEM,Jarrisha Abraham Rorie,8
MECKLENBURG,052,CITY OF CHARLOTTE CITY COUNCIL AT-LARGE - DEM,,DEM,Jarrisha Abraham Rorie,46
MECKLENBURG,053,CITY OF CHARLOTTE CITY COUNCIL AT-LARGE - DEM,,DEM,Jarrisha Abraham Rorie,43
MECKLENBURG,054,CITY OF CHARLOTTE CITY COUNCIL AT-LARGE - DEM,,DEM,Jarrisha Abraham Rorie,48
MECKLENBURG,055,CITY OF CHARLOTTE CITY COUNCIL AT-LARGE - DEM,,DEM,Jarrisha Abraham Rorie,35
MECKLENBURG,056,CITY OF CHARLOTTE CITY COUNCIL AT-LARGE - DEM,,DEM,Jarrisha Abraham Rorie,21
MECKLENBURG,057,CITY OF CHARLOTTE CITY COUNCIL AT-LARGE - DEM,,DEM,Jarrisha Abraham Rorie,5
MECKLENBURG,058,CITY OF CHARLOTTE CITY COUNCIL AT-LARGE - DEM,,DEM,Jarrisha Abraham Rorie,5
MECKLENBURG,059,CITY OF CHARLOTTE CITY COUNCIL AT-LARGE - DEM,,DEM,Jarrisha Abraham Rorie,6
MECKLENBURG,060,CITY OF CHARLOTTE CITY COUNCIL AT-LARGE - DEM,,DEM,Jarrisha Abraham Rorie,35
MECKLENBURG,061,CITY OF CHARLOTTE CITY COUNCIL AT-LARGE - DEM,,DEM,Jarrisha Abraham Rorie,20
MECKLENBURG,062,CITY OF CHARLOTTE CITY COUNCIL AT-LARGE - DEM,,DEM,Jarrisha Abraham Rorie,30
MECKLENBURG,063,CITY OF CHARLOTTE CITY COUNCIL AT-LARGE - DEM,,DEM,Jarrisha Abraham Rorie,17
MECKLENBURG,064,CITY OF CHARLOTTE CITY COUNCIL AT-LARGE - DEM,,DEM,Jarrisha Abraham Rorie,8
MECKLENBURG,065,CITY OF CHARLOTTE CITY COUNCIL AT-LARGE - DEM,,DEM,Jarrisha Abraham Rorie,8
MECKLENBURG,066,CITY OF CHARLOTTE CITY COUNCIL AT-LARGE - DEM,,DEM,Jarrisha Abraham Rorie,4
MECKLENBURG,067,CITY OF CHARLOTTE CITY COUNCIL AT-LARGE - DEM,,DEM,Jarrisha Abraham Rorie,6
MECKLENBURG,068,CITY OF CHARLOTTE CITY COUNCIL AT-LARGE - DEM,,DEM,Jarrisha Abraham Rorie,5
MECKLENBURG,069,CITY OF CHARLOTTE CITY COUNCIL AT-LARGE - DEM,,DEM,Jarrisha Abraham Rorie,9
MECKLENBURG,070,CITY OF CHARLOTTE CITY COUNCIL AT-LARGE - DEM,,DEM,Jarrisha Abraham Rorie,6
MECKLENBURG,071,CITY OF CHARLOTTE CITY COUNCIL AT-LARGE - DEM,,DEM,Jarrisha Abraham Rorie,1
MECKLENBURG,072,CITY OF CHARLOTTE CITY COUNCIL AT-LARGE - DEM,,DEM,Jarrisha Abraham Rorie,1
MECKLENBURG,073,CITY OF CHARLOTTE CITY COUNCIL AT-LARGE - DEM,,DEM,Jarrisha Abraham Rorie,7
MECKLENBURG,074,CITY OF CHARLOTTE CITY COUNCIL AT-LARGE - DEM,,DEM,Jarrisha Abraham Rorie,2
MECKLENBURG,075,CITY OF CHARLOTTE CITY COUNCIL AT-LARGE - DEM,,DEM,Jarrisha Abraham Rorie,5
MECKLENBURG,076,CITY OF CHARLOTTE CITY COUNCIL AT-LARGE - DEM,,DEM,Jarrisha Abraham Rorie,12
MECKLENBURG,077,CITY OF CHARLOTTE CITY COUNCIL AT-LARGE - DEM,,DEM,Jarrisha Abraham Rorie,36
MECKLENBURG,078.1_,CITY OF CHARLOTTE CITY COUNCIL AT-LARGE - DEM,,DEM,Jarrisha Abraham Rorie,20
MECKLENBURG,079,CITY OF CHARLOTTE CITY COUNCIL AT-LARGE - DEM,,DEM,Jarrisha Abraham Rorie,26
MECKLENBURG,080,CITY OF CHARLOTTE CITY COUNCIL AT-LARGE - DEM,,DEM,Jarrisha Abraham Rorie,44
MECKLENBURG,081,CITY OF CHARLOTTE CITY COUNCIL AT-LARGE - DEM,,DEM,Jarrisha Abraham Rorie,57
MECKLENBURG,082,CITY OF CHARLOTTE CITY COUNCIL AT-LARGE - DEM,,DEM,Jarrisha Abraham Rorie,24
MECKLENBURG,083,CITY OF CHARLOTTE CITY COUNCIL AT-LARGE - DEM,,DEM,Jarrisha Abraham Rorie,21
MECKLENBURG,084,CITY OF CHARLOTTE CITY COUNCIL AT-LARGE - DEM,,DEM,Jarrisha Abraham Rorie,27
MECKLENBURG,085,CITY OF CHARLOTTE CITY COUNCIL AT-LARGE - DEM,,DEM,Jarrisha Abraham Rorie,15
MECKLENBURG,086,CITY OF CHARLOTTE CITY COUNCIL AT-LARGE - DEM,,DEM,Jarrisha Abraham Rorie,4
MECKLENBURG,087,CITY OF CHARLOTTE CITY COUNCIL AT-LARGE - DEM,,DEM,Jarrisha Abraham Rorie,15
MECKLENBURG,088,CITY OF CHARLOTTE CITY COUNCIL AT-LARGE - DEM,,DEM,Jarrisha Abraham Rorie,1
MECKLENBURG,089,CITY OF CHARLOTTE CITY COUNCIL AT-LARGE - DEM,,DEM,Jarrisha Abraham Rorie,23
MECKLENBURG,090,CITY OF CHARLOTTE CITY COUNCIL AT-LARGE - DEM,,DEM,Jarrisha Abraham Rorie,0
MECKLENBURG,091,CITY OF CHARLOTTE CITY COUNCIL AT-LARGE - DEM,,DEM,Jarrisha Abraham Rorie,2
MECKLENBURG,092,CITY OF CHARLOTTE CITY COUNCIL AT-LARGE - DEM,,DEM,Jarrisha Abraham Rorie,7
MECKLENBURG,093,CITY OF CHARLOTTE CITY COUNCIL AT-LARGE - DEM,,DEM,Jarrisha Abraham Rorie,4
MECKLENBURG,094,CITY OF CHARLOTTE CITY COUNCIL AT-LARGE - DEM,,DEM,Jarrisha Abraham Rorie,11
MECKLENBURG,095,CITY OF CHARLOTTE CITY COUNCIL AT-LARGE - DEM,,DEM,Jarrisha Abraham Rorie,12
MECKLENBURG,096,CITY OF CHARLOTTE CITY COUNCIL AT-LARGE - DEM,,DEM,Jarrisha Abraham Rorie,5
MECKLENBURG,097,CITY OF CHARLOTTE CITY COUNCIL AT-LARGE - DEM,,DEM,Jarrisha Abraham Rorie,13
MECKLENBURG,098,CITY OF CHARLOTTE CITY COUNCIL AT-LARGE - DEM,,DEM,Jarrisha Abraham Rorie,31
MECKLENBURG,099,CITY OF CHARLOTTE CITY COUNCIL AT-LARGE - DEM,,DEM,Jarrisha Abraham Rorie,8
MECKLENBURG,100,CITY OF CHARLOTTE CITY COUNCIL AT-LARGE - DEM,,DEM,Jarrisha Abraham Rorie,3
MECKLENBURG,101,CITY OF CHARLOTTE CITY COUNCIL AT-LARGE - DEM,,DEM,Jarrisha Abraham Rorie,7
MECKLENBURG,102,CITY OF CHARLOTTE CITY COUNCIL AT-LARGE - DEM,,DEM,Jarrisha Abraham Rorie,21
MECKLENBURG,103,CITY OF CHARLOTTE CITY COUNCIL AT-LARGE - DEM,,DEM,Jarrisha Abraham Rorie,3
MECKLENBURG,104,CITY OF CHARLOTTE CITY COUNCIL AT-LARGE - DEM,,DEM,Jarrisha Abraham Rorie,35
MECKLENBURG,105,CITY OF CHARLOTTE CITY COUNCIL AT-LARGE - DEM,,DEM,Jarrisha Abraham Rorie,19
MECKLENBURG,106,CITY OF CHARLOTTE CITY COUNCIL AT-LARGE - DEM,,DEM,Jarrisha Abraham Rorie,10
MECKLENBURG,107.1,CITY OF CHARLOTTE CITY COUNCIL AT-LARGE - DEM,,DEM,Jarrisha Abraham Rorie,28
MECKLENBURG,108,CITY OF CHARLOTTE CITY COUNCIL AT-LARGE - DEM,,DEM,Jarrisha Abraham Rorie,21
MECKLENBURG,109,CITY OF CHARLOTTE CITY COUNCIL AT-LARGE - DEM,,DEM,Jarrisha Abraham Rorie,10
MECKLENBURG,110,CITY OF CHARLOTTE CITY COUNCIL AT-LARGE - DEM,,DEM,Jarrisha Abraham Rorie,2
MECKLENBURG,111,CITY OF CHARLOTTE CITY COUNCIL AT-LARGE - DEM,,DEM,Jarrisha Abraham Rorie,3
MECKLENBURG,112,CITY OF CHARLOTTE CITY COUNCIL AT-LARGE - DEM,,DEM,Jarrisha Abraham Rorie,2
MECKLENBURG,113,CITY OF CHARLOTTE CITY COUNCIL AT-LARGE - DEM,,DEM,Jarrisha Abraham Rorie,7
MECKLENBURG,114,CITY OF CHARLOTTE CITY COUNCIL AT-LARGE - DEM,,DEM,Jarrisha Abraham Rorie,1
MECKLENBURG,115,CITY OF CHARLOTTE CITY COUNCIL AT-LARGE - DEM,,DEM,Jarrisha Abraham Rorie,12
MECKLENBURG,116,CITY OF CHARLOTTE CITY COUNCIL AT-LARGE - DEM,,DEM,Jarrisha Abraham Rorie,20
MECKLENBURG,117,CITY OF CHARLOTTE CITY COUNCIL AT-LARGE - DEM,,DEM,Jarrisha Abraham Rorie,13
MECKLENBURG,118,CITY OF CHARLOTTE CITY COUNCIL AT-LARGE - DEM,,DEM,Jarrisha Abraham Rorie,4
MECKLENBURG,119,CITY OF CHARLOTTE CITY COUNCIL AT-LARGE - DEM,,DEM,Jarrisha Abraham Rorie,2
MECKLENBURG,120,CITY OF CHARLOTTE CITY COUNCIL AT-LARGE - DEM,,DEM,Jarrisha Abraham Rorie,9
MECKLENBURG,121,CITY OF CHARLOTTE CITY COUNCIL AT-LARGE - DEM,,DEM,Jarrisha Abraham Rorie,7
MECKLENBURG,122,CITY OF CHARLOTTE CITY COUNCIL AT-LARGE - DEM,,DEM,Jarrisha Abraham Rorie,43
MECKLENBURG,123,CITY OF CHARLOTTE CITY COUNCIL AT-LARGE - DEM,,DEM,Jarrisha Abraham Rorie,25
MECKLENBURG,124,CITY OF CHARLOTTE CITY COUNCIL AT-LARGE - DEM,,DEM,Jarrisha Abraham Rorie,21
MECKLENBURG,125,CITY OF CHARLOTTE CITY COUNCIL AT-LARGE - DEM,,DEM,Jarrisha Abraham Rorie,6
MECKLENBURG,126,CITY OF CHARLOTTE CITY COUNCIL AT-LARGE - DEM,,DEM,Jarrisha Abraham Rorie,31
MECKLENBURG,128,CITY OF CHARLOTTE CITY COUNCIL AT-LARGE - DEM,,DEM,Jarrisha Abraham Rorie,11
MECKLENBURG,130,CITY OF CHARLOTTE CITY COUNCIL AT-LARGE - DEM,,DEM,Jarrisha Abraham Rorie,17
MECKLENBURG,131,CITY OF CHARLOTTE CITY COUNCIL AT-LARGE - DEM,,DEM,Jarrisha Abraham Rorie,2
MECKLENBURG,132,CITY OF CHARLOTTE CITY COUNCIL AT-LARGE - DEM,,DEM,Jarrisha Abraham Rorie,16
MECKLENBURG,135,CITY OF CHARLOTTE CITY COUNCIL AT-LARGE - DEM,,DEM,Jarrisha Abraham Rorie,37
MECKLENBURG,137,CITY OF CHARLOTTE CITY COUNCIL AT-LARGE - DEM,,DEM,Jarrisha Abraham Rorie,2
MECKLENBURG,138,CITY OF CHARLOTTE CITY COUNCIL AT-LARGE - DEM,,DEM,Jarrisha Abraham Rorie,16
MECKLENBURG,139.1,CITY OF CHARLOTTE CITY COUNCIL AT-LARGE - DEM,,DEM,Jarrisha Abraham Rorie,7
MECKLENBURG,140,CITY OF CHARLOTTE CITY COUNCIL AT-LARGE - DEM,,DEM,Jarrisha Abraham Rorie,6
MECKLENBURG,141,CITY OF CHARLOTTE CITY COUNCIL AT-LARGE - DEM,,DEM,Jarrisha Abraham Rorie,4
MECKLENBURG,144,CITY OF CHARLOTTE CITY COUNCIL AT-LARGE - DEM,,DEM,Jarrisha Abraham Rorie,7
MECKLENBURG,145,CITY OF CHARLOTTE CITY COUNCIL AT-LARGE - DEM,,DEM,Jarrisha Abraham Rorie,26
MECKLENBURG,146,CITY OF CHARLOTTE CITY COUNCIL AT-LARGE - DEM,,DEM,Jarrisha Abraham Rorie,19
MECKLENBURG,147,CITY OF CHARLOTTE CITY COUNCIL AT-LARGE - DEM,,DEM,Jarrisha Abraham Rorie,45
MECKLENBURG,148,CITY OF CHARLOTTE CITY COUNCIL AT-LARGE - DEM,,DEM,Jarrisha Abraham Rorie,14
MECKLENBURG,149,CITY OF CHARLOTTE CITY COUNCIL AT-LARGE - DEM,,DEM,Jarrisha Abraham Rorie,28
MECKLENBURG,150,CITY OF CHARLOTTE CITY COUNCIL AT-LARGE - DEM,,DEM,Jarrisha Abraham Rorie,15
MECKLENBURG,151,CITY OF CHARLOTTE CITY COUNCIL AT-LARGE - DEM,,DEM,Jarrisha Abraham Rorie,13
MECKLENBURG,201,CITY OF CHARLOTTE CITY COUNCIL AT-LARGE - DEM,,DEM,Jarrisha Abraham Rorie,11
MECKLENBURG,203,CITY OF CHARLOTTE CITY COUNCIL AT-LARGE - DEM,,DEM,Jarrisha Abraham Rorie,31
MECKLENBURG,204.1,CITY OF CHARLOTTE CITY COUNCIL AT-LARGE - DEM,,DEM,Jarrisha Abraham Rorie,33
MECKLENBURG,205,CITY OF CHARLOTTE CITY COUNCIL AT-LARGE - DEM,,DEM,Jarrisha Abraham Rorie,8
MECKLENBURG,209,CITY OF CHARLOTTE CITY COUNCIL AT-LARGE - DEM,,DEM,Jarrisha Abraham Rorie,0
MECKLENBURG,210,CITY OF CHARLOTTE CITY COUNCIL AT-LARGE - DEM,,DEM,Jarrisha Abraham Rorie,104
MECKLENBURG,211,CITY OF CHARLOTTE CITY COUNCIL AT-LARGE - DEM,,DEM,Jarrisha Abraham Rorie,31
MECKLENBURG,212,CITY OF CHARLOTTE CITY COUNCIL AT-LARGE - DEM,,DEM,Jarrisha Abraham Rorie,38
MECKLENBURG,213,CITY OF CHARLOTTE CITY COUNCIL AT-LARGE - DEM,,DEM,Jarrisha Abraham Rorie,25
MECKLENBURG,214,CITY OF CHARLOTTE CITY COUNCIL AT-LARGE - DEM,,DEM,Jarrisha Abraham Rorie,11
MECKLENBURG,222,CITY OF CHARLOTTE CITY COUNCIL AT-LARGE - DEM,,DEM,Jarrisha Abraham Rorie,15
MECKLENBURG,223.1,CITY OF CHARLOTTE CITY COUNCIL AT-LARGE - DEM,,DEM,Jarrisha Abraham Rorie,17
MECKLENBURG,224,CITY OF CHARLOTTE CITY COUNCIL AT-LARGE - DEM,,DEM,Jarrisha Abraham Rorie,14
MECKLENBURG,225,CITY OF CHARLOTTE CITY COUNCIL AT-LARGE - DEM,,DEM,Jarrisha Abraham Rorie,0
MECKLENBURG,226,CITY OF CHARLOTTE CITY COUNCIL AT-LARGE - DEM,,DEM,Jarrisha Abraham Rorie,6
MECKLENBURG,227,CITY OF CHARLOTTE CITY COUNCIL AT-LARGE - DEM,,DEM,Jarrisha Abraham Rorie,7
MECKLENBURG,228,CITY OF CHARLOTTE CITY COUNCIL AT-LARGE - DEM,,DEM,Jarrisha Abraham Rorie,21
MECKLENBURG,229,CITY OF CHARLOTTE CITY COUNCIL AT-LARGE - DEM,,DEM,Jarrisha Abraham Rorie,20
MECKLENBURG,230,CITY OF CHARLOTTE CITY COUNCIL AT-LARGE - DEM,,DEM,Jarrisha Abraham Rorie,32
MECKLENBURG,232,CITY OF CHARLOTTE CITY COUNCIL AT-LARGE - DEM,,DEM,Jarrisha Abraham Rorie,12
MECKLENBURG,237,CITY OF CHARLOTTE CITY COUNCIL AT-LARGE - DEM,,DEM,Jarrisha Abraham Rorie,12
MECKLENBURG,238.1,CITY OF CHARLOTTE CITY COUNCIL AT-LARGE - DEM,,DEM,Jarrisha Abraham Rorie,21
MECKLENBURG,239,CITY OF CHARLOTTE CITY COUNCIL AT-LARGE - DEM,,DEM,Jarrisha Abraham Rorie,11
MECKLENBURG,243,CITY OF CHARLOTTE CITY COUNCIL AT-LARGE - DEM,,DEM,Jarrisha Abraham Rorie,25
MECKLENBURG,ABSENTEE BY MAIL,CITY OF CHARLOTTE CITY COUNCIL AT-LARGE - DEM,,DEM,Jarrisha Abraham Rorie,21
MECKLENBURG,CURBSIDE,CITY OF CHARLOTTE CITY COUNCIL AT-LARGE - DEM,,DEM,Jarrisha Abraham Rorie,15
MECKLENBURG,PROVISIONAL,CITY OF CHARLOTTE CITY COUNCIL AT-LARGE - DEM,,DEM,Jarrisha Abraham Rorie,16
MECKLENBURG,001,CITY OF CHARLOTTE CITY COUNCIL AT-LARGE - DEM,,DEM,Beth Pickering,37
MECKLENBURG,002,CITY OF CHARLOTTE CITY COUNCIL AT-LARGE - DEM,,DEM,Beth Pickering,27
MECKLENBURG,003,CITY OF CHARLOTTE CITY COUNCIL AT-LARGE - DEM,,DEM,Beth Pickering,20
MECKLENBURG,004,CITY OF CHARLOTTE CITY COUNCIL AT-LARGE - DEM,,DEM,Beth Pickering,42
MECKLENBURG,005,CITY OF CHARLOTTE CITY COUNCIL AT-LARGE - DEM,,DEM,Beth Pickering,19
MECKLENBURG,006,CITY OF CHARLOTTE CITY COUNCIL AT-LARGE - DEM,,DEM,Beth Pickering,38
MECKLENBURG,007,CITY OF CHARLOTTE CITY COUNCIL AT-LARGE - DEM,,DEM,Beth Pickering,22
MECKLENBURG,008,CITY OF CHARLOTTE CITY COUNCIL AT-LARGE - DEM,,DEM,Beth Pickering,19
MECKLENBURG,009,CITY OF CHARLOTTE CITY COUNCIL AT-LARGE - DEM,,DEM,Beth Pickering,57
MECKLENBURG,010,CITY OF CHARLOTTE CITY COUNCIL AT-LARGE - DEM,,DEM,Beth Pickering,34
MECKLENBURG,011,CITY OF CHARLOTTE CITY COUNCIL AT-LARGE - DEM,,DEM,Beth Pickering,57
MECKLENBURG,012,CITY OF CHARLOTTE CITY COUNCIL AT-LARGE - DEM,,DEM,Beth Pickering,14
MECKLENBURG,013,CITY OF CHARLOTTE CITY COUNCIL AT-LARGE - DEM,,DEM,Beth Pickering,17
MECKLENBURG,014,CITY OF CHARLOTTE CITY COUNCIL AT-LARGE - DEM,,DEM,Beth Pickering,21
MECKLENBURG,015,CITY OF CHARLOTTE CITY COUNCIL AT-LARGE - DEM,,DEM,Beth Pickering,43
MECKLENBURG,016,CITY OF CHARLOTTE CITY COUNCIL AT-LARGE - DEM,,DEM,Beth Pickering,46
MECKLENBURG,017,CITY OF CHARLOTTE CITY COUNCIL AT-LARGE - DEM,,DEM,Beth Pickering,16
MECKLENBURG,018,CITY OF CHARLOTTE CITY COUNCIL AT-LARGE - DEM,,DEM,Beth Pickering,21
MECKLENBURG,019,CITY OF CHARLOTTE CITY COUNCIL AT-LARGE - DEM,,DEM,Beth Pickering,20
MECKLENBURG,020,CITY OF CHARLOTTE CITY COUNCIL AT-LARGE - DEM,,DEM,Beth Pickering,27
MECKLENBURG,021,CITY OF CHARLOTTE CITY COUNCIL AT-LARGE - DEM,,DEM,Beth Pickering,32
MECKLENBURG,022,CITY OF CHARLOTTE CITY COUNCIL AT-LARGE - DEM,,DEM,Beth Pickering,38
MECKLENBURG,023,CITY OF CHARLOTTE CITY COUNCIL AT-LARGE - DEM,,DEM,Beth Pickering,28
MECKLENBURG,024,CITY OF CHARLOTTE CITY COUNCIL AT-LARGE - DEM,,DEM,Beth Pickering,24
MECKLENBURG,025,CITY OF CHARLOTTE CITY COUNCIL AT-LARGE - DEM,,DEM,Beth Pickering,36
MECKLENBURG,026,CITY OF CHARLOTTE CITY COUNCIL AT-LARGE - DEM,,DEM,Beth Pickering,34
MECKLENBURG,027,CITY OF CHARLOTTE CITY COUNCIL AT-LARGE - DEM,,DEM,Beth Pickering,17
MECKLENBURG,028,CITY OF CHARLOTTE CITY COUNCIL AT-LARGE - DEM,,DEM,Beth Pickering,13
MECKLENBURG,029,CITY OF CHARLOTTE CITY COUNCIL AT-LARGE - DEM,,DEM,Beth Pickering,25
MECKLENBURG,030,CITY OF CHARLOTTE CITY COUNCIL AT-LARGE - DEM,,DEM,Beth Pickering,18
MECKLENBURG,031,CITY OF CHARLOTTE CITY COUNCIL AT-LARGE - DEM,,DEM,Beth Pickering,24
MECKLENBURG,032,CITY OF CHARLOTTE CITY COUNCIL AT-LARGE - DEM,,DEM,Beth Pickering,9
MECKLENBURG,033,CITY OF CHARLOTTE CITY COUNCIL AT-LARGE - DEM,,DEM,Beth Pickering,35
MECKLENBURG,034,CITY OF CHARLOTTE CITY COUNCIL AT-LARGE - DEM,,DEM,Beth Pickering,29
MECKLENBURG,035,CITY OF CHARLOTTE CITY COUNCIL AT-LARGE - DEM,,DEM,Beth Pickering,18
MECKLENBURG,036,CITY OF CHARLOTTE CITY COUNCIL AT-LARGE - DEM,,DEM,Beth Pickering,48
MECKLENBURG,037,CITY OF CHARLOTTE CITY COUNCIL AT-LARGE - DEM,,DEM,Beth Pickering,25
MECKLENBURG,038,CITY OF CHARLOTTE CITY COUNCIL AT-LARGE - DEM,,DEM,Beth Pickering,11
MECKLENBURG,039,CITY OF CHARLOTTE CITY COUNCIL AT-LARGE - DEM,,DEM,Beth Pickering,9
MECKLENBURG,040,CITY OF CHARLOTTE CITY COUNCIL AT-LARGE - DEM,,DEM,Beth Pickering,26
MECKLENBURG,041,CITY OF CHARLOTTE CITY COUNCIL AT-LARGE - DEM,,DEM,Beth Pickering,18
MECKLENBURG,042,CITY OF CHARLOTTE CITY COUNCIL AT-LARGE - DEM,,DEM,Beth Pickering,33
MECKLENBURG,043,CITY OF CHARLOTTE CITY COUNCIL AT-LARGE - DEM,,DEM,Beth Pickering,29
MECKLENBURG,044,CITY OF CHARLOTTE CITY COUNCIL AT-LARGE - DEM,,DEM,Beth Pickering,46
MECKLENBURG,045,CITY OF CHARLOTTE CITY COUNCIL AT-LARGE - DEM,,DEM,Beth Pickering,19
MECKLENBURG,046,CITY OF CHARLOTTE CITY COUNCIL AT-LARGE - DEM,,DEM,Beth Pickering,25
MECKLENBURG,047,CITY OF CHARLOTTE CITY COUNCIL AT-LARGE - DEM,,DEM,Beth Pickering,32
MECKLENBURG,048,CITY OF CHARLOTTE CITY COUNCIL AT-LARGE - DEM,,DEM,Beth Pickering,23
MECKLENBURG,049,CITY OF CHARLOTTE CITY COUNCIL AT-LARGE - DEM,,DEM,Beth Pickering,23
MECKLENBURG,050,CITY OF CHARLOTTE CITY COUNCIL AT-LARGE - DEM,,DEM,Beth Pickering,15
MECKLENBURG,051,CITY OF CHARLOTTE CITY COUNCIL AT-LARGE - DEM,,DEM,Beth Pickering,35
MECKLENBURG,052,CITY OF CHARLOTTE CITY COUNCIL AT-LARGE - DEM,,DEM,Beth Pickering,44
MECKLENBURG,053,CITY OF CHARLOTTE CITY COUNCIL AT-LARGE - DEM,,DEM,Beth Pickering,40
MECKLENBURG,054,CITY OF CHARLOTTE CITY COUNCIL AT-LARGE - DEM,,DEM,Beth Pickering,30
MECKLENBURG,055,CITY OF CHARLOTTE CITY COUNCIL AT-LARGE - DEM,,DEM,Beth Pickering,22
MECKLENBURG,056,CITY OF CHARLOTTE CITY COUNCIL AT-LARGE - DEM,,DEM,Beth Pickering,18
MECKLENBURG,057,CITY OF CHARLOTTE CITY COUNCIL AT-LARGE - DEM,,DEM,Beth Pickering,23
MECKLENBURG,058,CITY OF CHARLOTTE CITY COUNCIL AT-LARGE - DEM,,DEM,Beth Pickering,14
MECKLENBURG,059,CITY OF CHARLOTTE CITY COUNCIL AT-LARGE - DEM,,DEM,Beth Pickering,20
MECKLENBURG,060,CITY OF CHARLOTTE CITY COUNCIL AT-LARGE - DEM,,DEM,Beth Pickering,33
MECKLENBURG,061,CITY OF CHARLOTTE CITY COUNCIL AT-LARGE - DEM,,DEM,Beth Pickering,43
MECKLENBURG,062,CITY OF CHARLOTTE CITY COUNCIL AT-LARGE - DEM,,DEM,Beth Pickering,34
MECKLENBURG,063,CITY OF CHARLOTTE CITY COUNCIL AT-LARGE - DEM,,DEM,Beth Pickering,16
MECKLENBURG,064,CITY OF CHARLOTTE CITY COUNCIL AT-LARGE - DEM,,DEM,Beth Pickering,24
MECKLENBURG,065,CITY OF CHARLOTTE CITY COUNCIL AT-LARGE - DEM,,DEM,Beth Pickering,31
MECKLENBURG,066,CITY OF CHARLOTTE CITY COUNCIL AT-LARGE - DEM,,DEM,Beth Pickering,31
MECKLENBURG,067,CITY OF CHARLOTTE CITY COUNCIL AT-LARGE - DEM,,DEM,Beth Pickering,21
MECKLENBURG,068,CITY OF CHARLOTTE CITY COUNCIL AT-LARGE - DEM,,DEM,Beth Pickering,9
MECKLENBURG,069,CITY OF CHARLOTTE CITY COUNCIL AT-LARGE - DEM,,DEM,Beth Pickering,25
MECKLENBURG,070,CITY OF CHARLOTTE CITY COUNCIL AT-LARGE - DEM,,DEM,Beth Pickering,23
MECKLENBURG,071,CITY OF CHARLOTTE CITY COUNCIL AT-LARGE - DEM,,DEM,Beth Pickering,19
MECKLENBURG,072,CITY OF CHARLOTTE CITY COUNCIL AT-LARGE - DEM,,DEM,Beth Pickering,15
MECKLENBURG,073,CITY OF CHARLOTTE CITY COUNCIL AT-LARGE - DEM,,DEM,Beth Pickering,20
MECKLENBURG,074,CITY OF CHARLOTTE CITY COUNCIL AT-LARGE - DEM,,DEM,Beth Pickering,8
MECKLENBURG,075,CITY OF CHARLOTTE CITY COUNCIL AT-LARGE - DEM,,DEM,Beth Pickering,21
MECKLENBURG,076,CITY OF CHARLOTTE CITY COUNCIL AT-LARGE - DEM,,DEM,Beth Pickering,28
MECKLENBURG,077,CITY OF CHARLOTTE CITY COUNCIL AT-LARGE - DEM,,DEM,Beth Pickering,29
MECKLENBURG,078.1_,CITY OF CHARLOTTE CITY COUNCIL AT-LARGE - DEM,,DEM,Beth Pickering,31
MECKLENBURG,079,CITY OF CHARLOTTE CITY COUNCIL AT-LARGE - DEM,,DEM,Beth Pickering,32
MECKLENBURG,080,CITY OF CHARLOTTE CITY COUNCIL AT-LARGE - DEM,,DEM,Beth Pickering,56
MECKLENBURG,081,CITY OF CHARLOTTE CITY COUNCIL AT-LARGE - DEM,,DEM,Beth Pickering,62
MECKLENBURG,082,CITY OF CHARLOTTE CITY COUNCIL AT-LARGE - DEM,,DEM,Beth Pickering,21
MECKLENBURG,083,CITY OF CHARLOTTE CITY COUNCIL AT-LARGE - DEM,,DEM,Beth Pickering,32
MECKLENBURG,084,CITY OF CHARLOTTE CITY COUNCIL AT-LARGE - DEM,,DEM,Beth Pickering,34
MECKLENBURG,085,CITY OF CHARLOTTE CITY COUNCIL AT-LARGE - DEM,,DEM,Beth Pickering,27
MECKLENBURG,086,CITY OF CHARLOTTE CITY COUNCIL AT-LARGE - DEM,,DEM,Beth Pickering,12
MECKLENBURG,087,CITY OF CHARLOTTE CITY COUNCIL AT-LARGE - DEM,,DEM,Beth Pickering,25
MECKLENBURG,088,CITY OF CHARLOTTE CITY COUNCIL AT-LARGE - DEM,,DEM,Beth Pickering,16
MECKLENBURG,089,CITY OF CHARLOTTE CITY COUNCIL AT-LARGE - DEM,,DEM,Beth Pickering,37
MECKLENBURG,090,CITY OF CHARLOTTE CITY COUNCIL AT-LARGE - DEM,,DEM,Beth Pickering,10
MECKLENBURG,091,CITY OF CHARLOTTE CITY COUNCIL AT-LARGE - DEM,,DEM,Beth Pickering,16
MECKLENBURG,092,CITY OF CHARLOTTE CITY COUNCIL AT-LARGE - DEM,,DEM,Beth Pickering,26
MECKLENBURG,093,CITY OF CHARLOTTE CITY COUNCIL AT-LARGE - DEM,,DEM,Beth Pickering,13
MECKLENBURG,094,CITY OF CHARLOTTE CITY COUNCIL AT-LARGE - DEM,,DEM,Beth Pickering,22
MECKLENBURG,095,CITY OF CHARLOTTE CITY COUNCIL AT-LARGE - DEM,,DEM,Beth Pickering,21
MECKLENBURG,096,CITY OF CHARLOTTE CITY COUNCIL AT-LARGE - DEM,,DEM,Beth Pickering,21
MECKLENBURG,097,CITY OF CHARLOTTE CITY COUNCIL AT-LARGE - DEM,,DEM,Beth Pickering,20
MECKLENBURG,098,CITY OF CHARLOTTE CITY COUNCIL AT-LARGE - DEM,,DEM,Beth Pickering,35
MECKLENBURG,099,CITY OF CHARLOTTE CITY COUNCIL AT-LARGE - DEM,,DEM,Beth Pickering,5
MECKLENBURG,100,CITY OF CHARLOTTE CITY COUNCIL AT-LARGE - DEM,,DEM,Beth Pickering,20
MECKLENBURG,101,CITY OF CHARLOTTE CITY COUNCIL AT-LARGE - DEM,,DEM,Beth Pickering,22
MECKLENBURG,102,CITY OF CHARLOTTE CITY COUNCIL AT-LARGE - DEM,,DEM,Beth Pickering,26
MECKLENBURG,103,CITY OF CHARLOTTE CITY COUNCIL AT-LARGE - DEM,,DEM,Beth Pickering,32
MECKLENBURG,104,CITY OF CHARLOTTE CITY COUNCIL AT-LARGE - DEM,,DEM,Beth Pickering,57
MECKLENBURG,105,CITY OF CHARLOTTE CITY COUNCIL AT-LARGE - DEM,,DEM,Beth Pickering,26
MECKLENBURG,106,CITY OF CHARLOTTE CITY COUNCIL AT-LARGE - DEM,,DEM,Beth Pickering,29
MECKLENBURG,107.1,CITY OF CHARLOTTE CITY COUNCIL AT-LARGE - DEM,,DEM,Beth Pickering,23
MECKLENBURG,108,CITY OF CHARLOTTE CITY COUNCIL AT-LARGE - DEM,,DEM,Beth Pickering,24
MECKLENBURG,109,CITY OF CHARLOTTE CITY COUNCIL AT-LARGE - DEM,,DEM,Beth Pickering,38
MECKLENBURG,110,CITY OF CHARLOTTE CITY COUNCIL AT-LARGE - DEM,,DEM,Beth Pickering,16
MECKLENBURG,111,CITY OF CHARLOTTE CITY COUNCIL AT-LARGE - DEM,,DEM,Beth Pickering,24
MECKLENBURG,112,CITY OF CHARLOTTE CITY COUNCIL AT-LARGE - DEM,,DEM,Beth Pickering,10
MECKLENBURG,113,CITY OF CHARLOTTE CITY COUNCIL AT-LARGE - DEM,,DEM,Beth Pickering,26
MECKLENBURG,114,CITY OF CHARLOTTE CITY COUNCIL AT-LARGE - DEM,,DEM,Beth Pickering,16
MECKLENBURG,115,CITY OF CHARLOTTE CITY COUNCIL AT-LARGE - DEM,,DEM,Beth Pickering,12
MECKLENBURG,116,CITY OF CHARLOTTE CITY COUNCIL AT-LARGE - DEM,,DEM,Beth Pickering,16
MECKLENBURG,117,CITY OF CHARLOTTE CITY COUNCIL AT-LARGE - DEM,,DEM,Beth Pickering,26
MECKLENBURG,118,CITY OF CHARLOTTE CITY COUNCIL AT-LARGE - DEM,,DEM,Beth Pickering,8
MECKLENBURG,119,CITY OF CHARLOTTE CITY COUNCIL AT-LARGE - DEM,,DEM,Beth Pickering,18
MECKLENBURG,120,CITY OF CHARLOTTE CITY COUNCIL AT-LARGE - DEM,,DEM,Beth Pickering,12
MECKLENBURG,121,CITY OF CHARLOTTE CITY COUNCIL AT-LARGE - DEM,,DEM,Beth Pickering,19
MECKLENBURG,122,CITY OF CHARLOTTE CITY COUNCIL AT-LARGE - DEM,,DEM,Beth Pickering,58
MECKLENBURG,123,CITY OF CHARLOTTE CITY COUNCIL AT-LARGE - DEM,,DEM,Beth Pickering,43
MECKLENBURG,124,CITY OF CHARLOTTE CITY COUNCIL AT-LARGE - DEM,,DEM,Beth Pickering,30
MECKLENBURG,125,CITY OF CHARLOTTE CITY COUNCIL AT-LARGE - DEM,,DEM,Beth Pickering,14
MECKLENBURG,126,CITY OF CHARLOTTE CITY COUNCIL AT-LARGE - DEM,,DEM,Beth Pickering,25
MECKLENBURG,128,CITY OF CHARLOTTE CITY COUNCIL AT-LARGE - DEM,,DEM,Beth Pickering,22
MECKLENBURG,130,CITY OF CHARLOTTE CITY COUNCIL AT-LARGE - DEM,,DEM,Beth Pickering,37
MECKLENBURG,131,CITY OF CHARLOTTE CITY COUNCIL AT-LARGE - DEM,,DEM,Beth Pickering,10
MECKLENBURG,132,CITY OF CHARLOTTE CITY COUNCIL AT-LARGE - DEM,,DEM,Beth Pickering,23
MECKLENBURG,135,CITY OF CHARLOTTE CITY COUNCIL AT-LARGE - DEM,,DEM,Beth Pickering,33
MECKLENBURG,137,CITY OF CHARLOTTE CITY COUNCIL AT-LARGE - DEM,,DEM,Beth Pickering,9
MECKLENBURG,138,CITY OF CHARLOTTE CITY COUNCIL AT-LARGE - DEM,,DEM,Beth Pickering,12
MECKLENBURG,139.1,CITY OF CHARLOTTE CITY COUNCIL AT-LARGE - DEM,,DEM,Beth Pickering,7
MECKLENBURG,140,CITY OF CHARLOTTE CITY COUNCIL AT-LARGE - DEM,,DEM,Beth Pickering,16
MECKLENBURG,141,CITY OF CHARLOTTE CITY COUNCIL AT-LARGE - DEM,,DEM,Beth Pickering,5
MECKLENBURG,144,CITY OF CHARLOTTE CITY COUNCIL AT-LARGE - DEM,,DEM,Beth Pickering,14
MECKLENBURG,145,CITY OF CHARLOTTE CITY COUNCIL AT-LARGE - DEM,,DEM,Beth Pickering,33
MECKLENBURG,146,CITY OF CHARLOTTE CITY COUNCIL AT-LARGE - DEM,,DEM,Beth Pickering,16
MECKLENBURG,147,CITY OF CHARLOTTE CITY COUNCIL AT-LARGE - DEM,,DEM,Beth Pickering,51
MECKLENBURG,148,CITY OF CHARLOTTE CITY COUNCIL AT-LARGE - DEM,,DEM,Beth Pickering,19
MECKLENBURG,149,CITY OF CHARLOTTE CITY COUNCIL AT-LARGE - DEM,,DEM,Beth Pickering,26
MECKLENBURG,150,CITY OF CHARLOTTE CITY COUNCIL AT-LARGE - DEM,,DEM,Beth Pickering,25
MECKLENBURG,151,CITY OF CHARLOTTE CITY COUNCIL AT-LARGE - DEM,,DEM,Beth Pickering,16
MECKLENBURG,201,CITY OF CHARLOTTE CITY COUNCIL AT-LARGE - DEM,,DEM,Beth Pickering,17
MECKLENBURG,203,CITY OF CHARLOTTE CITY COUNCIL AT-LARGE - DEM,,DEM,Beth Pickering,34
MECKLENBURG,204.1,CITY OF CHARLOTTE CITY COUNCIL AT-LARGE - DEM,,DEM,Beth Pickering,26
MECKLENBURG,205,CITY OF CHARLOTTE CITY COUNCIL AT-LARGE - DEM,,DEM,Beth Pickering,17
MECKLENBURG,209,CITY OF CHARLOTTE CITY COUNCIL AT-LARGE - DEM,,DEM,Beth Pickering,0
MECKLENBURG,210,CITY OF CHARLOTTE CITY COUNCIL AT-LARGE - DEM,,DEM,Beth Pickering,85
MECKLENBURG,211,CITY OF CHARLOTTE CITY COUNCIL AT-LARGE - DEM,,DEM,Beth Pickering,48
MECKLENBURG,212,CITY OF CHARLOTTE CITY COUNCIL AT-LARGE - DEM,,DEM,Beth Pickering,40
MECKLENBURG,213,CITY OF CHARLOTTE CITY COUNCIL AT-LARGE - DEM,,DEM,Beth Pickering,30
MECKLENBURG,214,CITY OF CHARLOTTE CITY COUNCIL AT-LARGE - DEM,,DEM,Beth Pickering,28
MECKLENBURG,222,CITY OF CHARLOTTE CITY COUNCIL AT-LARGE - DEM,,DEM,Beth Pickering,25
MECKLENBURG,223.1,CITY OF CHARLOTTE CITY COUNCIL AT-LARGE - DEM,,DEM,Beth Pickering,27
MECKLENBURG,224,CITY OF CHARLOTTE CITY COUNCIL AT-LARGE - DEM,,DEM,Beth Pickering,13
MECKLENBURG,225,CITY OF CHARLOTTE CITY COUNCIL AT-LARGE - DEM,,DEM,Beth Pickering,0
MECKLENBURG,226,CITY OF CHARLOTTE CITY COUNCIL AT-LARGE - DEM,,DEM,Beth Pickering,23
MECKLENBURG,227,CITY OF CHARLOTTE CITY COUNCIL AT-LARGE - DEM,,DEM,Beth Pickering,19
MECKLENBURG,228,CITY OF CHARLOTTE CITY COUNCIL AT-LARGE - DEM,,DEM,Beth Pickering,35
MECKLENBURG,229,CITY OF CHARLOTTE CITY COUNCIL AT-LARGE - DEM,,DEM,Beth Pickering,25
MECKLENBURG,230,CITY OF CHARLOTTE CITY COUNCIL AT-LARGE - DEM,,DEM,Beth Pickering,55
MECKLENBURG,232,CITY OF CHARLOTTE CITY COUNCIL AT-LARGE - DEM,,DEM,Beth Pickering,26
MECKLENBURG,237,CITY OF CHARLOTTE CITY COUNCIL AT-LARGE - DEM,,DEM,Beth Pickering,14
MECKLENBURG,238.1,CITY OF CHARLOTTE CITY COUNCIL AT-LARGE - DEM,,DEM,Beth Pickering,32
MECKLENBURG,239,CITY OF CHARLOTTE CITY COUNCIL AT-LARGE - DEM,,DEM,Beth Pickering,20
MECKLENBURG,243,CITY OF CHARLOTTE CITY COUNCIL AT-LARGE - DEM,,DEM,Beth Pickering,42
MECKLENBURG,ABSENTEE BY MAIL,CITY OF CHARLOTTE CITY COUNCIL AT-LARGE - DEM,,DEM,Beth Pickering,34
MECKLENBURG,CURBSIDE,CITY OF CHARLOTTE CITY COUNCIL AT-LARGE - DEM,,DEM,Beth Pickering,16
MECKLENBURG,PROVISIONAL,CITY OF CHARLOTTE CITY COUNCIL AT-LARGE - DEM,,DEM,Beth Pickering,10
MECKLENBURG,001,CITY OF CHARLOTTE CITY COUNCIL AT-LARGE - DEM,,DEM,David Howard,41
MECKLENBURG,002,CITY OF CHARLOTTE CITY COUNCIL AT-LARGE - DEM,,DEM,David Howard,39
MECKLENBURG,003,CITY OF CHARLOTTE CITY COUNCIL AT-LARGE - DEM,,DEM,David Howard,32
MECKLENBURG,004,CITY OF CHARLOTTE CITY COUNCIL AT-LARGE - DEM,,DEM,David Howard,55
MECKLENBURG,005,CITY OF CHARLOTTE CITY COUNCIL AT-LARGE - DEM,,DEM,David Howard,21
MECKLENBURG,006,CITY OF CHARLOTTE CITY COUNCIL AT-LARGE - DEM,,DEM,David Howard,36
MECKLENBURG,007,CITY OF CHARLOTTE CITY COUNCIL AT-LARGE - DEM,,DEM,David Howard,28
MECKLENBURG,008,CITY OF CHARLOTTE CITY COUNCIL AT-LARGE - DEM,,DEM,David Howard,23
MECKLENBURG,009,CITY OF CHARLOTTE CITY COUNCIL AT-LARGE - DEM,,DEM,David Howard,63
MECKLENBURG,010,CITY OF CHARLOTTE CITY COUNCIL AT-LARGE - DEM,,DEM,David Howard,47
MECKLENBURG,011,CITY OF CHARLOTTE CITY COUNCIL AT-LARGE - DEM,,DEM,David Howard,106
MECKLENBURG,012,CITY OF CHARLOTTE CITY COUNCIL AT-LARGE - DEM,,DEM,David Howard,42
MECKLENBURG,013,CITY OF CHARLOTTE CITY COUNCIL AT-LARGE - DEM,,DEM,David Howard,30
MECKLENBURG,014,CITY OF CHARLOTTE CITY COUNCIL AT-LARGE - DEM,,DEM,David Howard,32
MECKLENBURG,015,CITY OF CHARLOTTE CITY COUNCIL AT-LARGE - DEM,,DEM,David Howard,52
MECKLENBURG,016,CITY OF CHARLOTTE CITY COUNCIL AT-LARGE - DEM,,DEM,David Howard,207
MECKLENBURG,017,CITY OF CHARLOTTE CITY COUNCIL AT-LARGE - DEM,,DEM,David Howard,27
MECKLENBURG,018,CITY OF CHARLOTTE CITY COUNCIL AT-LARGE - DEM,,DEM,David Howard,25
MECKLENBURG,019,CITY OF CHARLOTTE CITY COUNCIL AT-LARGE - DEM,,DEM,David Howard,19
MECKLENBURG,020,CITY OF CHARLOTTE CITY COUNCIL AT-LARGE - DEM,,DEM,David Howard,29
MECKLENBURG,021,CITY OF CHARLOTTE CITY COUNCIL AT-LARGE - DEM,,DEM,David Howard,28
MECKLENBURG,022,CITY OF CHARLOTTE CITY COUNCIL AT-LARGE - DEM,,DEM,David Howard,48
MECKLENBURG,023,CITY OF CHARLOTTE CITY COUNCIL AT-LARGE - DEM,,DEM,David Howard,38
MECKLENBURG,024,CITY OF CHARLOTTE CITY COUNCIL AT-LARGE - DEM,,DEM,David Howard,36
MECKLENBURG,025,CITY OF CHARLOTTE CITY COUNCIL AT-LARGE - DEM,,DEM,David Howard,108
MECKLENBURG,026,CITY OF CHARLOTTE CITY COUNCIL AT-LARGE - DEM,,DEM,David Howard,59
MECKLENBURG,027,CITY OF CHARLOTTE CITY COUNCIL AT-LARGE - DEM,,DEM,David Howard,23
MECKLENBURG,028,CITY OF CHARLOTTE CITY COUNCIL AT-LARGE - DEM,,DEM,David Howard,14
MECKLENBURG,029,CITY OF CHARLOTTE CITY COUNCIL AT-LARGE - DEM,,DEM,David Howard,26
MECKLENBURG,030,CITY OF CHARLOTTE CITY COUNCIL AT-LARGE - DEM,,DEM,David Howard,28
MECKLENBURG,031,CITY OF CHARLOTTE CITY COUNCIL AT-LARGE - DEM,,DEM,David Howard,67
MECKLENBURG,032,CITY OF CHARLOTTE CITY COUNCIL AT-LARGE - DEM,,DEM,David Howard,17
MECKLENBURG,033,CITY OF CHARLOTTE CITY COUNCIL AT-LARGE - DEM,,DEM,David Howard,41
MECKLENBURG,034,CITY OF CHARLOTTE CITY COUNCIL AT-LARGE - DEM,,DEM,David Howard,39
MECKLENBURG,035,CITY OF CHARLOTTE CITY COUNCIL AT-LARGE - DEM,,DEM,David Howard,22
MECKLENBURG,036,CITY OF CHARLOTTE CITY COUNCIL AT-LARGE - DEM,,DEM,David Howard,54
MECKLENBURG,037,CITY OF CHARLOTTE CITY COUNCIL AT-LARGE - DEM,,DEM,David Howard,24
MECKLENBURG,038,CITY OF CHARLOTTE CITY COUNCIL AT-LARGE - DEM,,DEM,David Howard,10
MECKLENBURG,039,CITY OF CHARLOTTE CITY COUNCIL AT-LARGE - DEM,,DEM,David Howard,29
MECKLENBURG,040,CITY OF CHARLOTTE CITY COUNCIL AT-LARGE - DEM,,DEM,David Howard,33
MECKLENBURG,041,CITY OF CHARLOTTE CITY COUNCIL AT-LARGE - DEM,,DEM,David Howard,27
MECKLENBURG,042,CITY OF CHARLOTTE CITY COUNCIL AT-LARGE - DEM,,DEM,David Howard,66
MECKLENBURG,043,CITY OF CHARLOTTE CITY COUNCIL AT-LARGE - DEM,,DEM,David Howard,35
MECKLENBURG,044,CITY OF CHARLOTTE CITY COUNCIL AT-LARGE - DEM,,DEM,David Howard,47
MECKLENBURG,045,CITY OF CHARLOTTE CITY COUNCIL AT-LARGE - DEM,,DEM,David Howard,24
MECKLENBURG,046,CITY OF CHARLOTTE CITY COUNCIL AT-LARGE - DEM,,DEM,David Howard,27
MECKLENBURG,047,CITY OF CHARLOTTE CITY COUNCIL AT-LARGE - DEM,,DEM,David Howard,32
MECKLENBURG,048,CITY OF CHARLOTTE CITY COUNCIL AT-LARGE - DEM,,DEM,David Howard,29
MECKLENBURG,049,CITY OF CHARLOTTE CITY COUNCIL AT-LARGE - DEM,,DEM,David Howard,23
MECKLENBURG,050,CITY OF CHARLOTTE CITY COUNCIL AT-LARGE - DEM,,DEM,David Howard,18
MECKLENBURG,051,CITY OF CHARLOTTE CITY COUNCIL AT-LARGE - DEM,,DEM,David Howard,40
MECKLENBURG,052,CITY OF CHARLOTTE CITY COUNCIL AT-LARGE - DEM,,DEM,David Howard,98
MECKLENBURG,053,CITY OF CHARLOTTE CITY COUNCIL AT-LARGE - DEM,,DEM,David Howard,61
MECKLENBURG,054,CITY OF CHARLOTTE CITY COUNCIL AT-LARGE - DEM,,DEM,David Howard,100
MECKLENBURG,055,CITY OF CHARLOTTE CITY COUNCIL AT-LARGE - DEM,,DEM,David Howard,89
MECKLENBURG,056,CITY OF CHARLOTTE CITY COUNCIL AT-LARGE - DEM,,DEM,David Howard,41
MECKLENBURG,057,CITY OF CHARLOTTE CITY COUNCIL AT-LARGE - DEM,,DEM,David Howard,26
MECKLENBURG,058,CITY OF CHARLOTTE CITY COUNCIL AT-LARGE - DEM,,DEM,David Howard,15
MECKLENBURG,059,CITY OF CHARLOTTE CITY COUNCIL AT-LARGE - DEM,,DEM,David Howard,22
MECKLENBURG,060,CITY OF CHARLOTTE CITY COUNCIL AT-LARGE - DEM,,DEM,David Howard,45
MECKLENBURG,061,CITY OF CHARLOTTE CITY COUNCIL AT-LARGE - DEM,,DEM,David Howard,50
MECKLENBURG,062,CITY OF CHARLOTTE CITY COUNCIL AT-LARGE - DEM,,DEM,David Howard,33
MECKLENBURG,063,CITY OF CHARLOTTE CITY COUNCIL AT-LARGE - DEM,,DEM,David Howard,18
MECKLENBURG,064,CITY OF CHARLOTTE CITY COUNCIL AT-LARGE - DEM,,DEM,David Howard,27
MECKLENBURG,065,CITY OF CHARLOTTE CITY COUNCIL AT-LARGE - DEM,,DEM,David Howard,35
MECKLENBURG,066,CITY OF CHARLOTTE CITY COUNCIL AT-LARGE - DEM,,DEM,David Howard,39
MECKLENBURG,067,CITY OF CHARLOTTE CITY COUNCIL AT-LARGE - DEM,,DEM,David Howard,29
MECKLENBURG,068,CITY OF CHARLOTTE CITY COUNCIL AT-LARGE - DEM,,DEM,David Howard,14
MECKLENBURG,069,CITY OF CHARLOTTE CITY COUNCIL AT-LARGE - DEM,,DEM,David Howard,23
MECKLENBURG,070,CITY OF CHARLOTTE CITY COUNCIL AT-LARGE - DEM,,DEM,David Howard,20
MECKLENBURG,071,CITY OF CHARLOTTE CITY COUNCIL AT-LARGE - DEM,,DEM,David Howard,19
MECKLENBURG,072,CITY OF CHARLOTTE CITY COUNCIL AT-LARGE - DEM,,DEM,David Howard,17
MECKLENBURG,073,CITY OF CHARLOTTE CITY COUNCIL AT-LARGE - DEM,,DEM,David Howard,19
MECKLENBURG,074,CITY OF CHARLOTTE CITY COUNCIL AT-LARGE - DEM,,DEM,David Howard,10
MECKLENBURG,075,CITY OF CHARLOTTE CITY COUNCIL AT-LARGE - DEM,,DEM,David Howard,25
MECKLENBURG,076,CITY OF CHARLOTTE CITY COUNCIL AT-LARGE - DEM,,DEM,David Howard,25
MECKLENBURG,077,CITY OF CHARLOTTE CITY COUNCIL AT-LARGE - DEM,,DEM,David Howard,75
MECKLENBURG,078.1_,CITY OF CHARLOTTE CITY COUNCIL AT-LARGE - DEM,,DEM,David Howard,33
MECKLENBURG,079,CITY OF CHARLOTTE CITY COUNCIL AT-LARGE - DEM,,DEM,David Howard,36
MECKLENBURG,080,CITY OF CHARLOTTE CITY COUNCIL AT-LARGE - DEM,,DEM,David Howard,66
MECKLENBURG,081,CITY OF CHARLOTTE CITY COUNCIL AT-LARGE - DEM,,DEM,David Howard,103
MECKLENBURG,082,CITY OF CHARLOTTE CITY COUNCIL AT-LARGE - DEM,,DEM,David Howard,40
MECKLENBURG,083,CITY OF CHARLOTTE CITY COUNCIL AT-LARGE - DEM,,DEM,David Howard,41
MECKLENBURG,084,CITY OF CHARLOTTE CITY COUNCIL AT-LARGE - DEM,,DEM,David Howard,46
MECKLENBURG,085,CITY OF CHARLOTTE CITY COUNCIL AT-LARGE - DEM,,DEM,David Howard,27
MECKLENBURG,086,CITY OF CHARLOTTE CITY COUNCIL AT-LARGE - DEM,,DEM,David Howard,16
MECKLENBURG,087,CITY OF CHARLOTTE CITY COUNCIL AT-LARGE - DEM,,DEM,David Howard,20
MECKLENBURG,088,CITY OF CHARLOTTE CITY COUNCIL AT-LARGE - DEM,,DEM,David Howard,11
MECKLENBURG,089,CITY OF CHARLOTTE CITY COUNCIL AT-LARGE - DEM,,DEM,David Howard,43
MECKLENBURG,090,CITY OF CHARLOTTE CITY COUNCIL AT-LARGE - DEM,,DEM,David Howard,10
MECKLENBURG,091,CITY OF CHARLOTTE CITY COUNCIL AT-LARGE - DEM,,DEM,David Howard,19
MECKLENBURG,092,CITY OF CHARLOTTE CITY COUNCIL AT-LARGE - DEM,,DEM,David Howard,23
MECKLENBURG,093,CITY OF CHARLOTTE CITY COUNCIL AT-LARGE - DEM,,DEM,David Howard,13
MECKLENBURG,094,CITY OF CHARLOTTE CITY COUNCIL AT-LARGE - DEM,,DEM,David Howard,30
MECKLENBURG,095,CITY OF CHARLOTTE CITY COUNCIL AT-LARGE - DEM,,DEM,David Howard,32
MECKLENBURG,096,CITY OF CHARLOTTE CITY COUNCIL AT-LARGE - DEM,,DEM,David Howard,23
MECKLENBURG,097,CITY OF CHARLOTTE CITY COUNCIL AT-LARGE - DEM,,DEM,David Howard,25
MECKLENBURG,098,CITY OF CHARLOTTE CITY COUNCIL AT-LARGE - DEM,,DEM,David Howard,52
MECKLENBURG,099,CITY OF CHARLOTTE CITY COUNCIL AT-LARGE - DEM,,DEM,David Howard,11
MECKLENBURG,100,CITY OF CHARLOTTE CITY COUNCIL AT-LARGE - DEM,,DEM,David Howard,25
MECKLENBURG,101,CITY OF CHARLOTTE CITY COUNCIL AT-LARGE - DEM,,DEM,David Howard,21
MECKLENBURG,102,CITY OF CHARLOTTE CITY COUNCIL AT-LARGE - DEM,,DEM,David Howard,29
MECKLENBURG,103,CITY OF CHARLOTTE CITY COUNCIL AT-LARGE - DEM,,DEM,David Howard,31
MECKLENBURG,104,CITY OF CHARLOTTE CITY COUNCIL AT-LARGE - DEM,,DEM,David Howard,93
MECKLENBURG,105,CITY OF CHARLOTTE CITY COUNCIL AT-LARGE - DEM,,DEM,David Howard,30
MECKLENBURG,106,CITY OF CHARLOTTE CITY COUNCIL AT-LARGE - DEM,,DEM,David Howard,27
MECKLENBURG,107.1,CITY OF CHARLOTTE CITY COUNCIL AT-LARGE - DEM,,DEM,David Howard,39
MECKLENBURG,108,CITY OF CHARLOTTE CITY COUNCIL AT-LARGE - DEM,,DEM,David Howard,35
MECKLENBURG,109,CITY OF CHARLOTTE CITY COUNCIL AT-LARGE - DEM,,DEM,David Howard,38
MECKLENBURG,110,CITY OF CHARLOTTE CITY COUNCIL AT-LARGE - DEM,,DEM,David Howard,15
MECKLENBURG,111,CITY OF CHARLOTTE CITY COUNCIL AT-LARGE - DEM,,DEM,David Howard,26
MECKLENBURG,112,CITY OF CHARLOTTE CITY COUNCIL AT-LARGE - DEM,,DEM,David Howard,9
MECKLENBURG,113,CITY OF CHARLOTTE CITY COUNCIL AT-LARGE - DEM,,DEM,David Howard,25
MECKLENBURG,114,CITY OF CHARLOTTE CITY COUNCIL AT-LARGE - DEM,,DEM,David Howard,15
MECKLENBURG,115,CITY OF CHARLOTTE CITY COUNCIL AT-LARGE - DEM,,DEM,David Howard,17
MECKLENBURG,116,CITY OF CHARLOTTE CITY COUNCIL AT-LARGE - DEM,,DEM,David Howard,24
MECKLENBURG,117,CITY OF CHARLOTTE CITY COUNCIL AT-LARGE - DEM,,DEM,David Howard,22
MECKLENBURG,118,CITY OF CHARLOTTE CITY COUNCIL AT-LARGE - DEM,,DEM,David Howard,12
MECKLENBURG,119,CITY OF CHARLOTTE CITY COUNCIL AT-LARGE - DEM,,DEM,David Howard,15
MECKLENBURG,120,CITY OF CHARLOTTE CITY COUNCIL AT-LARGE - DEM,,DEM,David Howard,14
MECKLENBURG,121,CITY OF CHARLOTTE CITY COUNCIL AT-LARGE - DEM,,DEM,David Howard,24
MECKLENBURG,122,CITY OF CHARLOTTE CITY COUNCIL AT-LARGE - DEM,,DEM,David Howard,72
MECKLENBURG,123,CITY OF CHARLOTTE CITY COUNCIL AT-LARGE - DEM,,DEM,David Howard,53
MECKLENBURG,124,CITY OF CHARLOTTE CITY COUNCIL AT-LARGE - DEM,,DEM,David Howard,60
MECKLENBURG,125,CITY OF CHARLOTTE CITY COUNCIL AT-LARGE - DEM,,DEM,David Howard,18
MECKLENBURG,126,CITY OF CHARLOTTE CITY COUNCIL AT-LARGE - DEM,,DEM,David Howard,45
MECKLENBURG,128,CITY OF CHARLOTTE CITY COUNCIL AT-LARGE - DEM,,DEM,David Howard,34
MECKLENBURG,130,CITY OF CHARLOTTE CITY COUNCIL AT-LARGE - DEM,,DEM,David Howard,40
MECKLENBURG,131,CITY OF CHARLOTTE CITY COUNCIL AT-LARGE - DEM,,DEM,David Howard,10
MECKLENBURG,132,CITY OF CHARLOTTE CITY COUNCIL AT-LARGE - DEM,,DEM,David Howard,36
MECKLENBURG,135,CITY OF CHARLOTTE CITY COUNCIL AT-LARGE - DEM,,DEM,David Howard,64
MECKLENBURG,137,CITY OF CHARLOTTE CITY COUNCIL AT-LARGE - DEM,,DEM,David Howard,12
MECKLENBURG,138,CITY OF CHARLOTTE CITY COUNCIL AT-LARGE - DEM,,DEM,David Howard,19
MECKLENBURG,139.1,CITY OF CHARLOTTE CITY COUNCIL AT-LARGE - DEM,,DEM,David Howard,10
MECKLENBURG,140,CITY OF CHARLOTTE CITY COUNCIL AT-LARGE - DEM,,DEM,David Howard,13
MECKLENBURG,141,CITY OF CHARLOTTE CITY COUNCIL AT-LARGE - DEM,,DEM,David Howard,5
MECKLENBURG,144,CITY OF CHARLOTTE CITY COUNCIL AT-LARGE - DEM,,DEM,David Howard,13
MECKLENBURG,145,CITY OF CHARLOTTE CITY COUNCIL AT-LARGE - DEM,,DEM,David Howard,56
MECKLENBURG,146,CITY OF CHARLOTTE CITY COUNCIL AT-LARGE - DEM,,DEM,David Howard,35
MECKLENBURG,147,CITY OF CHARLOTTE CITY COUNCIL AT-LARGE - DEM,,DEM,David Howard,73
MECKLENBURG,148,CITY OF CHARLOTTE CITY COUNCIL AT-LARGE - DEM,,DEM,David Howard,23
MECKLENBURG,149,CITY OF CHARLOTTE CITY COUNCIL AT-LARGE - DEM,,DEM,David Howard,43
MECKLENBURG,150,CITY OF CHARLOTTE CITY COUNCIL AT-LARGE - DEM,,DEM,David Howard,35
MECKLENBURG,151,CITY OF CHARLOTTE CITY COUNCIL AT-LARGE - DEM,,DEM,David Howard,25
MECKLENBURG,201,CITY OF CHARLOTTE CITY COUNCIL AT-LARGE - DEM,,DEM,David Howard,18
MECKLENBURG,203,CITY OF CHARLOTTE CITY COUNCIL AT-LARGE - DEM,,DEM,David Howard,42
MECKLENBURG,204.1,CITY OF CHARLOTTE CITY COUNCIL AT-LARGE - DEM,,DEM,David Howard,48
MECKLENBURG,205,CITY OF CHARLOTTE CITY COUNCIL AT-LARGE - DEM,,DEM,David Howard,28
MECKLENBURG,209,CITY OF CHARLOTTE CITY COUNCIL AT-LARGE - DEM,,DEM,David Howard,0
MECKLENBURG,210,CITY OF CHARLOTTE CITY COUNCIL AT-LARGE - DEM,,DEM,David Howard,174
MECKLENBURG,211,CITY OF CHARLOTTE CITY COUNCIL AT-LARGE - DEM,,DEM,David Howard,87
MECKLENBURG,212,CITY OF CHARLOTTE CITY COUNCIL AT-LARGE - DEM,,DEM,David Howard,72
MECKLENBURG,213,CITY OF CHARLOTTE CITY COUNCIL AT-LARGE - DEM,,DEM,David Howard,55
MECKLENBURG,214,CITY OF CHARLOTTE CITY COUNCIL AT-LARGE - DEM,,DEM,David Howard,29
MECKLENBURG,222,CITY OF CHARLOTTE CITY COUNCIL AT-LARGE - DEM,,DEM,David Howard,29
MECKLENBURG,223.1,CITY OF CHARLOTTE CITY COUNCIL AT-LARGE - DEM,,DEM,David Howard,34
MECKLENBURG,224,CITY OF CHARLOTTE CITY COUNCIL AT-LARGE - DEM,,DEM,David Howard,19
MECKLENBURG,225,CITY OF CHARLOTTE CITY COUNCIL AT-LARGE - DEM,,DEM,David Howard,0
MECKLENBURG,226,CITY OF CHARLOTTE CITY COUNCIL AT-LARGE - DEM,,DEM,David Howard,19
MECKLENBURG,227,CITY OF CHARLOTTE CITY COUNCIL AT-LARGE - DEM,,DEM,David Howard,25
MECKLENBURG,228,CITY OF CHARLOTTE CITY COUNCIL AT-LARGE - DEM,,DEM,David Howard,45
MECKLENBURG,229,CITY OF CHARLOTTE CITY COUNCIL AT-LARGE - DEM,,DEM,David Howard,30
MECKLENBURG,230,CITY OF CHARLOTTE CITY COUNCIL AT-LARGE - DEM,,DEM,David Howard,69
MECKLENBURG,232,CITY OF CHARLOTTE CITY COUNCIL AT-LARGE - DEM,,DEM,David Howard,25
MECKLENBURG,237,CITY OF CHARLOTTE CITY COUNCIL AT-LARGE - DEM,,DEM,David Howard,17
MECKLENBURG,238.1,CITY OF CHARLOTTE CITY COUNCIL AT-LARGE - DEM,,DEM,David Howard,43
MECKLENBURG,239,CITY OF CHARLOTTE CITY COUNCIL AT-LARGE - DEM,,DEM,David Howard,23
MECKLENBURG,243,CITY OF CHARLOTTE CITY COUNCIL AT-LARGE - DEM,,DEM,David Howard,45
MECKLENBURG,ABSENTEE BY MAIL,CITY OF CHARLOTTE CITY COUNCIL AT-LARGE - DEM,,DEM,David Howard,45
MECKLENBURG,CURBSIDE,CITY OF CHARLOTTE CITY COUNCIL AT-LARGE - DEM,,DEM,David Howard,45
MECKLENBURG,PROVISIONAL,CITY OF CHARLOTTE CITY COUNCIL AT-LARGE - DEM,,DEM,David Howard,16
MECKLENBURG,001,CITY OF CHARLOTTE CITY COUNCIL AT-LARGE - DEM,,DEM,Claire Fallon,36
MECKLENBURG,002,CITY OF CHARLOTTE CITY COUNCIL AT-LARGE - DEM,,DEM,Claire Fallon,26
MECKLENBURG,003,CITY OF CHARLOTTE CITY COUNCIL AT-LARGE - DEM,,DEM,Claire Fallon,26
MECKLENBURG,004,CITY OF CHARLOTTE CITY COUNCIL AT-LARGE - DEM,,DEM,Claire Fallon,49
MECKLENBURG,005,CITY OF CHARLOTTE CITY COUNCIL AT-LARGE - DEM,,DEM,Claire Fallon,19
MECKLENBURG,006,CITY OF CHARLOTTE CITY COUNCIL AT-LARGE - DEM,,DEM,Claire Fallon,39
MECKLENBURG,007,CITY OF CHARLOTTE CITY COUNCIL AT-LARGE - DEM,,DEM,Claire Fallon,25
MECKLENBURG,008,CITY OF CHARLOTTE CITY COUNCIL AT-LARGE - DEM,,DEM,Claire Fallon,19
MECKLENBURG,009,CITY OF CHARLOTTE CITY COUNCIL AT-LARGE - DEM,,DEM,Claire Fallon,58
MECKLENBURG,010,CITY OF CHARLOTTE CITY COUNCIL AT-LARGE - DEM,,DEM,Claire Fallon,38
MECKLENBURG,011,CITY OF CHARLOTTE CITY COUNCIL AT-LARGE - DEM,,DEM,Claire Fallon,70
MECKLENBURG,012,CITY OF CHARLOTTE CITY COUNCIL AT-LARGE - DEM,,DEM,Claire Fallon,23
MECKLENBURG,013,CITY OF CHARLOTTE CITY COUNCIL AT-LARGE - DEM,,DEM,Claire Fallon,20
MECKLENBURG,014,CITY OF CHARLOTTE CITY COUNCIL AT-LARGE - DEM,,DEM,Claire Fallon,26
MECKLENBURG,015,CITY OF CHARLOTTE CITY COUNCIL AT-LARGE - DEM,,DEM,Claire Fallon,51
MECKLENBURG,016,CITY OF CHARLOTTE CITY COUNCIL AT-LARGE - DEM,,DEM,Claire Fallon,73
MECKLENBURG,017,CITY OF CHARLOTTE CITY COUNCIL AT-LARGE - DEM,,DEM,Claire Fallon,17
MECKLENBURG,018,CITY OF CHARLOTTE CITY COUNCIL AT-LARGE - DEM,,DEM,Claire Fallon,17
MECKLENBURG,019,CITY OF CHARLOTTE CITY COUNCIL AT-LARGE - DEM,,DEM,Claire Fallon,15
MECKLENBURG,020,CITY OF CHARLOTTE CITY COUNCIL AT-LARGE - DEM,,DEM,Claire Fallon,28
MECKLENBURG,021,CITY OF CHARLOTTE CITY COUNCIL AT-LARGE - DEM,,DEM,Claire Fallon,29
MECKLENBURG,022,CITY OF CHARLOTTE CITY COUNCIL AT-LARGE - DEM,,DEM,Claire Fallon,38
MECKLENBURG,023,CITY OF CHARLOTTE CITY COUNCIL AT-LARGE - DEM,,DEM,Claire Fallon,27
MECKLENBURG,024,CITY OF CHARLOTTE CITY COUNCIL AT-LARGE - DEM,,DEM,Claire Fallon,32
MECKLENBURG,025,CITY OF CHARLOTTE CITY COUNCIL AT-LARGE - DEM,,DEM,Claire Fallon,52
MECKLENBURG,026,CITY OF CHARLOTTE CITY COUNCIL AT-LARGE - DEM,,DEM,Claire Fallon,32
MECKLENBURG,027,CITY OF CHARLOTTE CITY COUNCIL AT-LARGE - DEM,,DEM,Claire Fallon,21
MECKLENBURG,028,CITY OF CHARLOTTE CITY COUNCIL AT-LARGE - DEM,,DEM,Claire Fallon,10
MECKLENBURG,029,CITY OF CHARLOTTE CITY COUNCIL AT-LARGE - DEM,,DEM,Claire Fallon,26
MECKLENBURG,030,CITY OF CHARLOTTE CITY COUNCIL AT-LARGE - DEM,,DEM,Claire Fallon,23
MECKLENBURG,031,CITY OF CHARLOTTE CITY COUNCIL AT-LARGE - DEM,,DEM,Claire Fallon,32
MECKLENBURG,032,CITY OF CHARLOTTE CITY COUNCIL AT-LARGE - DEM,,DEM,Claire Fallon,14
MECKLENBURG,033,CITY OF CHARLOTTE CITY COUNCIL AT-LARGE - DEM,,DEM,Claire Fallon,36
MECKLENBURG,034,CITY OF CHARLOTTE CITY COUNCIL AT-LARGE - DEM,,DEM,Claire Fallon,28
MECKLENBURG,035,CITY OF CHARLOTTE CITY COUNCIL AT-LARGE - DEM,,DEM,Claire Fallon,20
MECKLENBURG,036,CITY OF CHARLOTTE CITY COUNCIL AT-LARGE - DEM,,DEM,Claire Fallon,51
MECKLENBURG,037,CITY OF CHARLOTTE CITY COUNCIL AT-LARGE - DEM,,DEM,Claire Fallon,24
MECKLENBURG,038,CITY OF CHARLOTTE CITY COUNCIL AT-LARGE - DEM,,DEM,Claire Fallon,13
MECKLENBURG,039,CITY OF CHARLOTTE CITY COUNCIL AT-LARGE - DEM,,DEM,Claire Fallon,14
MECKLENBURG,040,CITY OF CHARLOTTE CITY COUNCIL AT-LARGE - DEM,,DEM,Claire Fallon,24
MECKLENBURG,041,CITY OF CHARLOTTE CITY COUNCIL AT-LARGE - DEM,,DEM,Claire Fallon,20
MECKLENBURG,042,CITY OF CHARLOTTE CITY COUNCIL AT-LARGE - DEM,,DEM,Claire Fallon,42
MECKLENBURG,043,CITY OF CHARLOTTE CITY COUNCIL AT-LARGE - DEM,,DEM,Claire Fallon,34
MECKLENBURG,044,CITY OF CHARLOTTE CITY COUNCIL AT-LARGE - DEM,,DEM,Claire Fallon,45
MECKLENBURG,045,CITY OF CHARLOTTE CITY COUNCIL AT-LARGE - DEM,,DEM,Claire Fallon,23
MECKLENBURG,046,CITY OF CHARLOTTE CITY COUNCIL AT-LARGE - DEM,,DEM,Claire Fallon,25
MECKLENBURG,047,CITY OF CHARLOTTE CITY COUNCIL AT-LARGE - DEM,,DEM,Claire Fallon,32
MECKLENBURG,048,CITY OF CHARLOTTE CITY COUNCIL AT-LARGE - DEM,,DEM,Claire Fallon,25
MECKLENBURG,049,CITY OF CHARLOTTE CITY COUNCIL AT-LARGE - DEM,,DEM,Claire Fallon,21
MECKLENBURG,050,CITY OF CHARLOTTE CITY COUNCIL AT-LARGE - DEM,,DEM,Claire Fallon,17
MECKLENBURG,051,CITY OF CHARLOTTE CITY COUNCIL AT-LARGE - DEM,,DEM,Claire Fallon,38
MECKLENBURG,052,CITY OF CHARLOTTE CITY COUNCIL AT-LARGE - DEM,,DEM,Claire Fallon,65
MECKLENBURG,053,CITY OF CHARLOTTE CITY COUNCIL AT-LARGE - DEM,,DEM,Claire Fallon,42
MECKLENBURG,054,CITY OF CHARLOTTE CITY COUNCIL AT-LARGE - DEM,,DEM,Claire Fallon,42
MECKLENBURG,055,CITY OF CHARLOTTE CITY COUNCIL AT-LARGE - DEM,,DEM,Claire Fallon,26
MECKLENBURG,056,CITY OF CHARLOTTE CITY COUNCIL AT-LARGE - DEM,,DEM,Claire Fallon,32
MECKLENBURG,057,CITY OF CHARLOTTE CITY COUNCIL AT-LARGE - DEM,,DEM,Claire Fallon,22
MECKLENBURG,058,CITY OF CHARLOTTE CITY COUNCIL AT-LARGE - DEM,,DEM,Claire Fallon,14
MECKLENBURG,059,CITY OF CHARLOTTE CITY COUNCIL AT-LARGE - DEM,,DEM,Claire Fallon,21
MECKLENBURG,060,CITY OF CHARLOTTE CITY COUNCIL AT-LARGE - DEM,,DEM,Claire Fallon,30
MECKLENBURG,061,CITY OF CHARLOTTE CITY COUNCIL AT-LARGE - DEM,,DEM,Claire Fallon,38
MECKLENBURG,062,CITY OF CHARLOTTE CITY COUNCIL AT-LARGE - DEM,,DEM,Claire Fallon,35
MECKLENBURG,063,CITY OF CHARLOTTE CITY COUNCIL AT-LARGE - DEM,,DEM,Claire Fallon,17
MECKLENBURG,064,CITY OF CHARLOTTE CITY COUNCIL AT-LARGE - DEM,,DEM,Claire Fallon,25
MECKLENBURG,065,CITY OF CHARLOTTE CITY COUNCIL AT-LARGE - DEM,,DEM,Claire Fallon,28
MECKLENBURG,066,CITY OF CHARLOTTE CITY COUNCIL AT-LARGE - DEM,,DEM,Claire Fallon,40
MECKLENBURG,067,CITY OF CHARLOTTE CITY COUNCIL AT-LARGE - DEM,,DEM,Claire Fallon,28
MECKLENBURG,068,CITY OF CHARLOTTE CITY COUNCIL AT-LARGE - DEM,,DEM,Claire Fallon,10
MECKLENBURG,069,CITY OF CHARLOTTE CITY COUNCIL AT-LARGE - DEM,,DEM,Claire Fallon,31
MECKLENBURG,070,CITY OF CHARLOTTE CITY COUNCIL AT-LARGE - DEM,,DEM,Claire Fallon,24
MECKLENBURG,071,CITY OF CHARLOTTE CITY COUNCIL AT-LARGE - DEM,,DEM,Claire Fallon,16
MECKLENBURG,072,CITY OF CHARLOTTE CITY COUNCIL AT-LARGE - DEM,,DEM,Claire Fallon,16
MECKLENBURG,073,CITY OF CHARLOTTE CITY COUNCIL AT-LARGE - DEM,,DEM,Claire Fallon,21
MECKLENBURG,074,CITY OF CHARLOTTE CITY COUNCIL AT-LARGE - DEM,,DEM,Claire Fallon,9
MECKLENBURG,075,CITY OF CHARLOTTE CITY COUNCIL AT-LARGE - DEM,,DEM,Claire Fallon,25
MECKLENBURG,076,CITY OF CHARLOTTE CITY COUNCIL AT-LARGE - DEM,,DEM,Claire Fallon,24
MECKLENBURG,077,CITY OF CHARLOTTE CITY COUNCIL AT-LARGE - DEM,,DEM,Claire Fallon,26
MECKLENBURG,078.1_,CITY OF CHARLOTTE CITY COUNCIL AT-LARGE - DEM,,DEM,Claire Fallon,28
MECKLENBURG,079,CITY OF CHARLOTTE CITY COUNCIL AT-LARGE - DEM,,DEM,Claire Fallon,30
MECKLENBURG,080,CITY OF CHARLOTTE CITY COUNCIL AT-LARGE - DEM,,DEM,Claire Fallon,52
MECKLENBURG,081,CITY OF CHARLOTTE CITY COUNCIL AT-LARGE - DEM,,DEM,Claire Fallon,73
MECKLENBURG,082,CITY OF CHARLOTTE CITY COUNCIL AT-LARGE - DEM,,DEM,Claire Fallon,16
MECKLENBURG,083,CITY OF CHARLOTTE CITY COUNCIL AT-LARGE - DEM,,DEM,Claire Fallon,33
MECKLENBURG,084,CITY OF CHARLOTTE CITY COUNCIL AT-LARGE - DEM,,DEM,Claire Fallon,41
MECKLENBURG,085,CITY OF CHARLOTTE CITY COUNCIL AT-LARGE - DEM,,DEM,Claire Fallon,33
MECKLENBURG,086,CITY OF CHARLOTTE CITY COUNCIL AT-LARGE - DEM,,DEM,Claire Fallon,11
MECKLENBURG,087,CITY OF CHARLOTTE CITY COUNCIL AT-LARGE - DEM,,DEM,Claire Fallon,20
MECKLENBURG,088,CITY OF CHARLOTTE CITY COUNCIL AT-LARGE - DEM,,DEM,Claire Fallon,13
MECKLENBURG,089,CITY OF CHARLOTTE CITY COUNCIL AT-LARGE - DEM,,DEM,Claire Fallon,43
MECKLENBURG,090,CITY OF CHARLOTTE CITY COUNCIL AT-LARGE - DEM,,DEM,Claire Fallon,11
MECKLENBURG,091,CITY OF CHARLOTTE CITY COUNCIL AT-LARGE - DEM,,DEM,Claire Fallon,17
MECKLENBURG,092,CITY OF CHARLOTTE CITY COUNCIL AT-LARGE - DEM,,DEM,Claire Fallon,26
MECKLENBURG,093,CITY OF CHARLOTTE CITY COUNCIL AT-LARGE - DEM,,DEM,Claire Fallon,12
MECKLENBURG,094,CITY OF CHARLOTTE CITY COUNCIL AT-LARGE - DEM,,DEM,Claire Fallon,25
MECKLENBURG,095,CITY OF CHARLOTTE CITY COUNCIL AT-LARGE - DEM,,DEM,Claire Fallon,24
MECKLENBURG,096,CITY OF CHARLOTTE CITY COUNCIL AT-LARGE - DEM,,DEM,Claire Fallon,19
MECKLENBURG,097,CITY OF CHARLOTTE CITY COUNCIL AT-LARGE - DEM,,DEM,Claire Fallon,19
MECKLENBURG,098,CITY OF CHARLOTTE CITY COUNCIL AT-LARGE - DEM,,DEM,Claire Fallon,29
MECKLENBURG,099,CITY OF CHARLOTTE CITY COUNCIL AT-LARGE - DEM,,DEM,Claire Fallon,9
MECKLENBURG,100,CITY OF CHARLOTTE CITY COUNCIL AT-LARGE - DEM,,DEM,Claire Fallon,20
MECKLENBURG,101,CITY OF CHARLOTTE CITY COUNCIL AT-LARGE - DEM,,DEM,Claire Fallon,24
MECKLENBURG,102,CITY OF CHARLOTTE CITY COUNCIL AT-LARGE - DEM,,DEM,Claire Fallon,26
MECKLENBURG,103,CITY OF CHARLOTTE CITY COUNCIL AT-LARGE - DEM,,DEM,Claire Fallon,30
MECKLENBURG,104,CITY OF CHARLOTTE CITY COUNCIL AT-LARGE - DEM,,DEM,Claire Fallon,70
MECKLENBURG,105,CITY OF CHARLOTTE CITY COUNCIL AT-LARGE - DEM,,DEM,Claire Fallon,26
MECKLENBURG,106,CITY OF CHARLOTTE CITY COUNCIL AT-LARGE - DEM,,DEM,Claire Fallon,26
MECKLENBURG,107.1,CITY OF CHARLOTTE CITY COUNCIL AT-LARGE - DEM,,DEM,Claire Fallon,22
MECKLENBURG,108,CITY OF CHARLOTTE CITY COUNCIL AT-LARGE - DEM,,DEM,Claire Fallon,29
MECKLENBURG,109,CITY OF CHARLOTTE CITY COUNCIL AT-LARGE - DEM,,DEM,Claire Fallon,37
MECKLENBURG,110,CITY OF CHARLOTTE CITY COUNCIL AT-LARGE - DEM,,DEM,Claire Fallon,16
MECKLENBURG,111,CITY OF CHARLOTTE CITY COUNCIL AT-LARGE - DEM,,DEM,Claire Fallon,20
MECKLENBURG,112,CITY OF CHARLOTTE CITY COUNCIL AT-LARGE - DEM,,DEM,Claire Fallon,11
MECKLENBURG,113,CITY OF CHARLOTTE CITY COUNCIL AT-LARGE - DEM,,DEM,Claire Fallon,25
MECKLENBURG,114,CITY OF CHARLOTTE CITY COUNCIL AT-LARGE - DEM,,DEM,Claire Fallon,17
MECKLENBURG,115,CITY OF CHARLOTTE CITY COUNCIL AT-LARGE - DEM,,DEM,Claire Fallon,11
MECKLENBURG,116,CITY OF CHARLOTTE CITY COUNCIL AT-LARGE - DEM,,DEM,Claire Fallon,18
MECKLENBURG,117,CITY OF CHARLOTTE CITY COUNCIL AT-LARGE - DEM,,DEM,Claire Fallon,21
MECKLENBURG,118,CITY OF CHARLOTTE CITY COUNCIL AT-LARGE - DEM,,DEM,Claire Fallon,11
MECKLENBURG,119,CITY OF CHARLOTTE CITY COUNCIL AT-LARGE - DEM,,DEM,Claire Fallon,14
MECKLENBURG,120,CITY OF CHARLOTTE CITY COUNCIL AT-LARGE - DEM,,DEM,Claire Fallon,12
MECKLENBURG,121,CITY OF CHARLOTTE CITY COUNCIL AT-LARGE - DEM,,DEM,Claire Fallon,18
MECKLENBURG,122,CITY OF CHARLOTTE CITY COUNCIL AT-LARGE - DEM,,DEM,Claire Fallon,66
MECKLENBURG,123,CITY OF CHARLOTTE CITY COUNCIL AT-LARGE - DEM,,DEM,Claire Fallon,40
MECKLENBURG,124,CITY OF CHARLOTTE CITY COUNCIL AT-LARGE - DEM,,DEM,Claire Fallon,36
MECKLENBURG,125,CITY OF CHARLOTTE CITY COUNCIL AT-LARGE - DEM,,DEM,Claire Fallon,13
MECKLENBURG,126,CITY OF CHARLOTTE CITY COUNCIL AT-LARGE - DEM,,DEM,Claire Fallon,33
MECKLENBURG,128,CITY OF CHARLOTTE CITY COUNCIL AT-LARGE - DEM,,DEM,Claire Fallon,19
MECKLENBURG,130,CITY OF CHARLOTTE CITY COUNCIL AT-LARGE - DEM,,DEM,Claire Fallon,30
MECKLENBURG,131,CITY OF CHARLOTTE CITY COUNCIL AT-LARGE - DEM,,DEM,Claire Fallon,10
MECKLENBURG,132,CITY OF CHARLOTTE CITY COUNCIL AT-LARGE - DEM,,DEM,Claire Fallon,24
MECKLENBURG,135,CITY OF CHARLOTTE CITY COUNCIL AT-LARGE - DEM,,DEM,Claire Fallon,42
MECKLENBURG,137,CITY OF CHARLOTTE CITY COUNCIL AT-LARGE - DEM,,DEM,Claire Fallon,11
MECKLENBURG,138,CITY OF CHARLOTTE CITY COUNCIL AT-LARGE - DEM,,DEM,Claire Fallon,16
MECKLENBURG,139.1,CITY OF CHARLOTTE CITY COUNCIL AT-LARGE - DEM,,DEM,Claire Fallon,6
MECKLENBURG,140,CITY OF CHARLOTTE CITY COUNCIL AT-LARGE - DEM,,DEM,Claire Fallon,9
MECKLENBURG,141,CITY OF CHARLOTTE CITY COUNCIL AT-LARGE - DEM,,DEM,Claire Fallon,6
MECKLENBURG,144,CITY OF CHARLOTTE CITY COUNCIL AT-LARGE - DEM,,DEM,Claire Fallon,15
MECKLENBURG,145,CITY OF CHARLOTTE CITY COUNCIL AT-LARGE - DEM,,DEM,Claire Fallon,34
MECKLENBURG,146,CITY OF CHARLOTTE CITY COUNCIL AT-LARGE - DEM,,DEM,Claire Fallon,22
MECKLENBURG,147,CITY OF CHARLOTTE CITY COUNCIL AT-LARGE - DEM,,DEM,Claire Fallon,50
MECKLENBURG,148,CITY OF CHARLOTTE CITY COUNCIL AT-LARGE - DEM,,DEM,Claire Fallon,19
MECKLENBURG,149,CITY OF CHARLOTTE CITY COUNCIL AT-LARGE - DEM,,DEM,Claire Fallon,27
MECKLENBURG,150,CITY OF CHARLOTTE CITY COUNCIL AT-LARGE - DEM,,DEM,Claire Fallon,31
MECKLENBURG,151,CITY OF CHARLOTTE CITY COUNCIL AT-LARGE - DEM,,DEM,Claire Fallon,13
MECKLENBURG,201,CITY OF CHARLOTTE CITY COUNCIL AT-LARGE - DEM,,DEM,Claire Fallon,17
MECKLENBURG,203,CITY OF CHARLOTTE CITY COUNCIL AT-LARGE - DEM,,DEM,Claire Fallon,35
MECKLENBURG,204.1,CITY OF CHARLOTTE CITY COUNCIL AT-LARGE - DEM,,DEM,Claire Fallon,34
MECKLENBURG,205,CITY OF CHARLOTTE CITY COUNCIL AT-LARGE - DEM,,DEM,Claire Fallon,24
MECKLENBURG,209,CITY OF CHARLOTTE CITY COUNCIL AT-LARGE - DEM,,DEM,Claire Fallon,0
MECKLENBURG,210,CITY OF CHARLOTTE CITY COUNCIL AT-LARGE - DEM,,DEM,Claire Fallon,86
MECKLENBURG,211,CITY OF CHARLOTTE CITY COUNCIL AT-LARGE - DEM,,DEM,Claire Fallon,31
MECKLENBURG,212,CITY OF CHARLOTTE CITY COUNCIL AT-LARGE - DEM,,DEM,Claire Fallon,43
MECKLENBURG,213,CITY OF CHARLOTTE CITY COUNCIL AT-LARGE - DEM,,DEM,Claire Fallon,37
MECKLENBURG,214,CITY OF CHARLOTTE CITY COUNCIL AT-LARGE - DEM,,DEM,Claire Fallon,30
MECKLENBURG,222,CITY OF CHARLOTTE CITY COUNCIL AT-LARGE - DEM,,DEM,Claire Fallon,25
MECKLENBURG,223.1,CITY OF CHARLOTTE CITY COUNCIL AT-LARGE - DEM,,DEM,Claire Fallon,24
MECKLENBURG,224,CITY OF CHARLOTTE CITY COUNCIL AT-LARGE - DEM,,DEM,Claire Fallon,13
MECKLENBURG,225,CITY OF CHARLOTTE CITY COUNCIL AT-LARGE - DEM,,DEM,Claire Fallon,0
MECKLENBURG,226,CITY OF CHARLOTTE CITY COUNCIL AT-LARGE - DEM,,DEM,Claire Fallon,24
MECKLENBURG,227,CITY OF CHARLOTTE CITY COUNCIL AT-LARGE - DEM,,DEM,Claire Fallon,20
MECKLENBURG,228,CITY OF CHARLOTTE CITY COUNCIL AT-LARGE - DEM,,DEM,Claire Fallon,32
MECKLENBURG,229,CITY OF CHARLOTTE CITY COUNCIL AT-LARGE - DEM,,DEM,Claire Fallon,22
MECKLENBURG,230,CITY OF CHARLOTTE CITY COUNCIL AT-LARGE - DEM,,DEM,Claire Fallon,55
MECKLENBURG,232,CITY OF CHARLOTTE CITY COUNCIL AT-LARGE - DEM,,DEM,Claire Fallon,25
MECKLENBURG,237,CITY OF CHARLOTTE CITY COUNCIL AT-LARGE - DEM,,DEM,Claire Fallon,12
MECKLENBURG,238.1,CITY OF CHARLOTTE CITY COUNCIL AT-LARGE - DEM,,DEM,Claire Fallon,33
MECKLENBURG,239,CITY OF CHARLOTTE CITY COUNCIL AT-LARGE - DEM,,DEM,Claire Fallon,19
MECKLENBURG,243,CITY OF CHARLOTTE CITY COUNCIL AT-LARGE - DEM,,DEM,Claire Fallon,37
MECKLENBURG,ABSENTEE BY MAIL,CITY OF CHARLOTTE CITY COUNCIL AT-LARGE - DEM,,DEM,Claire Fallon,31
MECKLENBURG,CURBSIDE,CITY OF CHARLOTTE CITY COUNCIL AT-LARGE - DEM,,DEM,Claire Fallon,18
MECKLENBURG,PROVISIONAL,CITY OF CHARLOTTE CITY COUNCIL AT-LARGE - DEM,,DEM,Claire Fallon,17
MECKLENBURG,001,CITY OF CHARLOTTE CITY COUNCIL AT-LARGE - DEM,,DEM,Patrick D. Cannon,41
MECKLENBURG,002,CITY OF CHARLOTTE CITY COUNCIL AT-LARGE - DEM,,DEM,Patrick D. Cannon,44
MECKLENBURG,003,CITY OF CHARLOTTE CITY COUNCIL AT-LARGE - DEM,,DEM,Patrick D. Cannon,52
MECKLENBURG,004,CITY OF CHARLOTTE CITY COUNCIL AT-LARGE - DEM,,DEM,Patrick D. Cannon,78
MECKLENBURG,005,CITY OF CHARLOTTE CITY COUNCIL AT-LARGE - DEM,,DEM,Patrick D. Cannon,25
MECKLENBURG,006,CITY OF CHARLOTTE CITY COUNCIL AT-LARGE - DEM,,DEM,Patrick D. Cannon,53
MECKLENBURG,007,CITY OF CHARLOTTE CITY COUNCIL AT-LARGE - DEM,,DEM,Patrick D. Cannon,36
MECKLENBURG,008,CITY OF CHARLOTTE CITY COUNCIL AT-LARGE - DEM,,DEM,Patrick D. Cannon,22
MECKLENBURG,009,CITY OF CHARLOTTE CITY COUNCIL AT-LARGE - DEM,,DEM,Patrick D. Cannon,67
MECKLENBURG,010,CITY OF CHARLOTTE CITY COUNCIL AT-LARGE - DEM,,DEM,Patrick D. Cannon,46
MECKLENBURG,011,CITY OF CHARLOTTE CITY COUNCIL AT-LARGE - DEM,,DEM,Patrick D. Cannon,125
MECKLENBURG,012,CITY OF CHARLOTTE CITY COUNCIL AT-LARGE - DEM,,DEM,Patrick D. Cannon,59
MECKLENBURG,013,CITY OF CHARLOTTE CITY COUNCIL AT-LARGE - DEM,,DEM,Patrick D. Cannon,31
MECKLENBURG,014,CITY OF CHARLOTTE CITY COUNCIL AT-LARGE - DEM,,DEM,Patrick D. Cannon,42
MECKLENBURG,015,CITY OF CHARLOTTE CITY COUNCIL AT-LARGE - DEM,,DEM,Patrick D. Cannon,57
MECKLENBURG,016,CITY OF CHARLOTTE CITY COUNCIL AT-LARGE - DEM,,DEM,Patrick D. Cannon,275
MECKLENBURG,017,CITY OF CHARLOTTE CITY COUNCIL AT-LARGE - DEM,,DEM,Patrick D. Cannon,31
MECKLENBURG,018,CITY OF CHARLOTTE CITY COUNCIL AT-LARGE - DEM,,DEM,Patrick D. Cannon,27
MECKLENBURG,019,CITY OF CHARLOTTE CITY COUNCIL AT-LARGE - DEM,,DEM,Patrick D. Cannon,19
MECKLENBURG,020,CITY OF CHARLOTTE CITY COUNCIL AT-LARGE - DEM,,DEM,Patrick D. Cannon,29
MECKLENBURG,021,CITY OF CHARLOTTE CITY COUNCIL AT-LARGE - DEM,,DEM,Patrick D. Cannon,36
MECKLENBURG,022,CITY OF CHARLOTTE CITY COUNCIL AT-LARGE - DEM,,DEM,Patrick D. Cannon,74
MECKLENBURG,023,CITY OF CHARLOTTE CITY COUNCIL AT-LARGE - DEM,,DEM,Patrick D. Cannon,68
MECKLENBURG,024,CITY OF CHARLOTTE CITY COUNCIL AT-LARGE - DEM,,DEM,Patrick D. Cannon,56
MECKLENBURG,025,CITY OF CHARLOTTE CITY COUNCIL AT-LARGE - DEM,,DEM,Patrick D. Cannon,147
MECKLENBURG,026,CITY OF CHARLOTTE CITY COUNCIL AT-LARGE - DEM,,DEM,Patrick D. Cannon,80
MECKLENBURG,027,CITY OF CHARLOTTE CITY COUNCIL AT-LARGE - DEM,,DEM,Patrick D. Cannon,36
MECKLENBURG,028,CITY OF CHARLOTTE CITY COUNCIL AT-LARGE - DEM,,DEM,Patrick D. Cannon,23
MECKLENBURG,029,CITY OF CHARLOTTE CITY COUNCIL AT-LARGE - DEM,,DEM,Patrick D. Cannon,29
MECKLENBURG,030,CITY OF CHARLOTTE CITY COUNCIL AT-LARGE - DEM,,DEM,Patrick D. Cannon,30
MECKLENBURG,031,CITY OF CHARLOTTE CITY COUNCIL AT-LARGE - DEM,,DEM,Patrick D. Cannon,105
MECKLENBURG,032,CITY OF CHARLOTTE CITY COUNCIL AT-LARGE - DEM,,DEM,Patrick D. Cannon,16
MECKLENBURG,033,CITY OF CHARLOTTE CITY COUNCIL AT-LARGE - DEM,,DEM,Patrick D. Cannon,54
MECKLENBURG,034,CITY OF CHARLOTTE CITY COUNCIL AT-LARGE - DEM,,DEM,Patrick D. Cannon,44
MECKLENBURG,035,CITY OF CHARLOTTE CITY COUNCIL AT-LARGE - DEM,,DEM,Patrick D. Cannon,24
MECKLENBURG,036,CITY OF CHARLOTTE CITY COUNCIL AT-LARGE - DEM,,DEM,Patrick D. Cannon,58
MECKLENBURG,037,CITY OF CHARLOTTE CITY COUNCIL AT-LARGE - DEM,,DEM,Patrick D. Cannon,28
MECKLENBURG,038,CITY OF CHARLOTTE CITY COUNCIL AT-LARGE - DEM,,DEM,Patrick D. Cannon,16
MECKLENBURG,039,CITY OF CHARLOTTE CITY COUNCIL AT-LARGE - DEM,,DEM,Patrick D. Cannon,58
MECKLENBURG,040,CITY OF CHARLOTTE CITY COUNCIL AT-LARGE - DEM,,DEM,Patrick D. Cannon,51
MECKLENBURG,041,CITY OF CHARLOTTE CITY COUNCIL AT-LARGE - DEM,,DEM,Patrick D. Cannon,56
MECKLENBURG,042,CITY OF CHARLOTTE CITY COUNCIL AT-LARGE - DEM,,DEM,Patrick D. Cannon,85
MECKLENBURG,043,CITY OF CHARLOTTE CITY COUNCIL AT-LARGE - DEM,,DEM,Patrick D. Cannon,52
MECKLENBURG,044,CITY OF CHARLOTTE CITY COUNCIL AT-LARGE - DEM,,DEM,Patrick D. Cannon,45
MECKLENBURG,045,CITY OF CHARLOTTE CITY COUNCIL AT-LARGE - DEM,,DEM,Patrick D. Cannon,28
MECKLENBURG,046,CITY OF CHARLOTTE CITY COUNCIL AT-LARGE - DEM,,DEM,Patrick D. Cannon,31
MECKLENBURG,047,CITY OF CHARLOTTE CITY COUNCIL AT-LARGE - DEM,,DEM,Patrick D. Cannon,34
MECKLENBURG,048,CITY OF CHARLOTTE CITY COUNCIL AT-LARGE - DEM,,DEM,Patrick D. Cannon,31
MECKLENBURG,049,CITY OF CHARLOTTE CITY COUNCIL AT-LARGE - DEM,,DEM,Patrick D. Cannon,23
MECKLENBURG,050,CITY OF CHARLOTTE CITY COUNCIL AT-LARGE - DEM,,DEM,Patrick D. Cannon,21
MECKLENBURG,051,CITY OF CHARLOTTE CITY COUNCIL AT-LARGE - DEM,,DEM,Patrick D. Cannon,48
MECKLENBURG,052,CITY OF CHARLOTTE CITY COUNCIL AT-LARGE - DEM,,DEM,Patrick D. Cannon,171
MECKLENBURG,053,CITY OF CHARLOTTE CITY COUNCIL AT-LARGE - DEM,,DEM,Patrick D. Cannon,77
MECKLENBURG,054,CITY OF CHARLOTTE CITY COUNCIL AT-LARGE - DEM,,DEM,Patrick D. Cannon,134
MECKLENBURG,055,CITY OF CHARLOTTE CITY COUNCIL AT-LARGE - DEM,,DEM,Patrick D. Cannon,109
MECKLENBURG,056,CITY OF CHARLOTTE CITY COUNCIL AT-LARGE - DEM,,DEM,Patrick D. Cannon,49
MECKLENBURG,057,CITY OF CHARLOTTE CITY COUNCIL AT-LARGE - DEM,,DEM,Patrick D. Cannon,24
MECKLENBURG,058,CITY OF CHARLOTTE CITY COUNCIL AT-LARGE - DEM,,DEM,Patrick D. Cannon,17
MECKLENBURG,059,CITY OF CHARLOTTE CITY COUNCIL AT-LARGE - DEM,,DEM,Patrick D. Cannon,25
MECKLENBURG,060,CITY OF CHARLOTTE CITY COUNCIL AT-LARGE - DEM,,DEM,Patrick D. Cannon,82
MECKLENBURG,061,CITY OF CHARLOTTE CITY COUNCIL AT-LARGE - DEM,,DEM,Patrick D. Cannon,60
MECKLENBURG,062,CITY OF CHARLOTTE CITY COUNCIL AT-LARGE - DEM,,DEM,Patrick D. Cannon,46
MECKLENBURG,063,CITY OF CHARLOTTE CITY COUNCIL AT-LARGE - DEM,,DEM,Patrick D. Cannon,28
MECKLENBURG,064,CITY OF CHARLOTTE CITY COUNCIL AT-LARGE - DEM,,DEM,Patrick D. Cannon,36
MECKLENBURG,065,CITY OF CHARLOTTE CITY COUNCIL AT-LARGE - DEM,,DEM,Patrick D. Cannon,36
MECKLENBURG,066,CITY OF CHARLOTTE CITY COUNCIL AT-LARGE - DEM,,DEM,Patrick D. Cannon,40
MECKLENBURG,067,CITY OF CHARLOTTE CITY COUNCIL AT-LARGE - DEM,,DEM,Patrick D. Cannon,36
MECKLENBURG,068,CITY OF CHARLOTTE CITY COUNCIL AT-LARGE - DEM,,DEM,Patrick D. Cannon,14
MECKLENBURG,069,CITY OF CHARLOTTE CITY COUNCIL AT-LARGE - DEM,,DEM,Patrick D. Cannon,34
MECKLENBURG,070,CITY OF CHARLOTTE CITY COUNCIL AT-LARGE - DEM,,DEM,Patrick D. Cannon,26
MECKLENBURG,071,CITY OF CHARLOTTE CITY COUNCIL AT-LARGE - DEM,,DEM,Patrick D. Cannon,20
MECKLENBURG,072,CITY OF CHARLOTTE CITY COUNCIL AT-LARGE - DEM,,DEM,Patrick D. Cannon,16
MECKLENBURG,073,CITY OF CHARLOTTE CITY COUNCIL AT-LARGE - DEM,,DEM,Patrick D. Cannon,17
MECKLENBURG,074,CITY OF CHARLOTTE CITY COUNCIL AT-LARGE - DEM,,DEM,Patrick D. Cannon,13
MECKLENBURG,075,CITY OF CHARLOTTE CITY COUNCIL AT-LARGE - DEM,,DEM,Patrick D. Cannon,32
MECKLENBURG,076,CITY OF CHARLOTTE CITY COUNCIL AT-LARGE - DEM,,DEM,Patrick D. Cannon,30
MECKLENBURG,077,CITY OF CHARLOTTE CITY COUNCIL AT-LARGE - DEM,,DEM,Patrick D. Cannon,109
MECKLENBURG,078.1_,CITY OF CHARLOTTE CITY COUNCIL AT-LARGE - DEM,,DEM,Patrick D. Cannon,48
MECKLENBURG,079,CITY OF CHARLOTTE CITY COUNCIL AT-LARGE - DEM,,DEM,Patrick D. Cannon,54
MECKLENBURG,080,CITY OF CHARLOTTE CITY COUNCIL AT-LARGE - DEM,,DEM,Patrick D. Cannon,90
MECKLENBURG,081,CITY OF CHARLOTTE CITY COUNCIL AT-LARGE - DEM,,DEM,Patrick D. Cannon,115
MECKLENBURG,082,CITY OF CHARLOTTE CITY COUNCIL AT-LARGE - DEM,,DEM,Patrick D. Cannon,64
MECKLENBURG,083,CITY OF CHARLOTTE CITY COUNCIL AT-LARGE - DEM,,DEM,Patrick D. Cannon,51
MECKLENBURG,084,CITY OF CHARLOTTE CITY COUNCIL AT-LARGE - DEM,,DEM,Patrick D. Cannon,71
MECKLENBURG,085,CITY OF CHARLOTTE CITY COUNCIL AT-LARGE - DEM,,DEM,Patrick D. Cannon,41
MECKLENBURG,086,CITY OF CHARLOTTE CITY COUNCIL AT-LARGE - DEM,,DEM,Patrick D. Cannon,17
MECKLENBURG,087,CITY OF CHARLOTTE CITY COUNCIL AT-LARGE - DEM,,DEM,Patrick D. Cannon,25
MECKLENBURG,088,CITY OF CHARLOTTE CITY COUNCIL AT-LARGE - DEM,,DEM,Patrick D. Cannon,15
MECKLENBURG,089,CITY OF CHARLOTTE CITY COUNCIL AT-LARGE - DEM,,DEM,Patrick D. Cannon,59
MECKLENBURG,090,CITY OF CHARLOTTE CITY COUNCIL AT-LARGE - DEM,,DEM,Patrick D. Cannon,13
MECKLENBURG,091,CITY OF CHARLOTTE CITY COUNCIL AT-LARGE - DEM,,DEM,Patrick D. Cannon,22
MECKLENBURG,092,CITY OF CHARLOTTE CITY COUNCIL AT-LARGE - DEM,,DEM,Patrick D. Cannon,29
MECKLENBURG,093,CITY OF CHARLOTTE CITY COUNCIL AT-LARGE - DEM,,DEM,Patrick D. Cannon,17
MECKLENBURG,094,CITY OF CHARLOTTE CITY COUNCIL AT-LARGE - DEM,,DEM,Patrick D. Cannon,40
MECKLENBURG,095,CITY OF CHARLOTTE CITY COUNCIL AT-LARGE - DEM,,DEM,Patrick D. Cannon,39
MECKLENBURG,096,CITY OF CHARLOTTE CITY COUNCIL AT-LARGE - DEM,,DEM,Patrick D. Cannon,28
MECKLENBURG,097,CITY OF CHARLOTTE CITY COUNCIL AT-LARGE - DEM,,DEM,Patrick D. Cannon,36
MECKLENBURG,098,CITY OF CHARLOTTE CITY COUNCIL AT-LARGE - DEM,,DEM,Patrick D. Cannon,75
MECKLENBURG,099,CITY OF CHARLOTTE CITY COUNCIL AT-LARGE - DEM,,DEM,Patrick D. Cannon,17
MECKLENBURG,100,CITY OF CHARLOTTE CITY COUNCIL AT-LARGE - DEM,,DEM,Patrick D. Cannon,24
MECKLENBURG,101,CITY OF CHARLOTTE CITY COUNCIL AT-LARGE - DEM,,DEM,Patrick D. Cannon,25
MECKLENBURG,102,CITY OF CHARLOTTE CITY COUNCIL AT-LARGE - DEM,,DEM,Patrick D. Cannon,34
MECKLENBURG,103,CITY OF CHARLOTTE CITY COUNCIL AT-LARGE - DEM,,DEM,Patrick D. Cannon,37
MECKLENBURG,104,CITY OF CHARLOTTE CITY COUNCIL AT-LARGE - DEM,,DEM,Patrick D. Cannon,123
MECKLENBURG,105,CITY OF CHARLOTTE CITY COUNCIL AT-LARGE - DEM,,DEM,Patrick D. Cannon,40
MECKLENBURG,106,CITY OF CHARLOTTE CITY COUNCIL AT-LARGE - DEM,,DEM,Patrick D. Cannon,21
MECKLENBURG,107.1,CITY OF CHARLOTTE CITY COUNCIL AT-LARGE - DEM,,DEM,Patrick D. Cannon,63
MECKLENBURG,108,CITY OF CHARLOTTE CITY COUNCIL AT-LARGE - DEM,,DEM,Patrick D. Cannon,46
MECKLENBURG,109,CITY OF CHARLOTTE CITY COUNCIL AT-LARGE - DEM,,DEM,Patrick D. Cannon,43
MECKLENBURG,110,CITY OF CHARLOTTE CITY COUNCIL AT-LARGE - DEM,,DEM,Patrick D. Cannon,16
MECKLENBURG,111,CITY OF CHARLOTTE CITY COUNCIL AT-LARGE - DEM,,DEM,Patrick D. Cannon,26
MECKLENBURG,112,CITY OF CHARLOTTE CITY COUNCIL AT-LARGE - DEM,,DEM,Patrick D. Cannon,9
MECKLENBURG,113,CITY OF CHARLOTTE CITY COUNCIL AT-LARGE - DEM,,DEM,Patrick D. Cannon,29
MECKLENBURG,114,CITY OF CHARLOTTE CITY COUNCIL AT-LARGE - DEM,,DEM,Patrick D. Cannon,19
MECKLENBURG,115,CITY OF CHARLOTTE CITY COUNCIL AT-LARGE - DEM,,DEM,Patrick D. Cannon,22
MECKLENBURG,116,CITY OF CHARLOTTE CITY COUNCIL AT-LARGE - DEM,,DEM,Patrick D. Cannon,42
MECKLENBURG,117,CITY OF CHARLOTTE CITY COUNCIL AT-LARGE - DEM,,DEM,Patrick D. Cannon,37
MECKLENBURG,118,CITY OF CHARLOTTE CITY COUNCIL AT-LARGE - DEM,,DEM,Patrick D. Cannon,11
MECKLENBURG,119,CITY OF CHARLOTTE CITY COUNCIL AT-LARGE - DEM,,DEM,Patrick D. Cannon,17
MECKLENBURG,120,CITY OF CHARLOTTE CITY COUNCIL AT-LARGE - DEM,,DEM,Patrick D. Cannon,18
MECKLENBURG,121,CITY OF CHARLOTTE CITY COUNCIL AT-LARGE - DEM,,DEM,Patrick D. Cannon,23
MECKLENBURG,122,CITY OF CHARLOTTE CITY COUNCIL AT-LARGE - DEM,,DEM,Patrick D. Cannon,98
MECKLENBURG,123,CITY OF CHARLOTTE CITY COUNCIL AT-LARGE - DEM,,DEM,Patrick D. Cannon,66
MECKLENBURG,124,CITY OF CHARLOTTE CITY COUNCIL AT-LARGE - DEM,,DEM,Patrick D. Cannon,71
MECKLENBURG,125,CITY OF CHARLOTTE CITY COUNCIL AT-LARGE - DEM,,DEM,Patrick D. Cannon,25
MECKLENBURG,126,CITY OF CHARLOTTE CITY COUNCIL AT-LARGE - DEM,,DEM,Patrick D. Cannon,58
MECKLENBURG,128,CITY OF CHARLOTTE CITY COUNCIL AT-LARGE - DEM,,DEM,Patrick D. Cannon,41
MECKLENBURG,130,CITY OF CHARLOTTE CITY COUNCIL AT-LARGE - DEM,,DEM,Patrick D. Cannon,38
MECKLENBURG,131,CITY OF CHARLOTTE CITY COUNCIL AT-LARGE - DEM,,DEM,Patrick D. Cannon,13
MECKLENBURG,132,CITY OF CHARLOTTE CITY COUNCIL AT-LARGE - DEM,,DEM,Patrick D. Cannon,46
MECKLENBURG,135,CITY OF CHARLOTTE CITY COUNCIL AT-LARGE - DEM,,DEM,Patrick D. Cannon,79
MECKLENBURG,137,CITY OF CHARLOTTE CITY COUNCIL AT-LARGE - DEM,,DEM,Patrick D. Cannon,12
MECKLENBURG,138,CITY OF CHARLOTTE CITY COUNCIL AT-LARGE - DEM,,DEM,Patrick D. Cannon,30
MECKLENBURG,139.1,CITY OF CHARLOTTE CITY COUNCIL AT-LARGE - DEM,,DEM,Patrick D. Cannon,10
MECKLENBURG,140,CITY OF CHARLOTTE CITY COUNCIL AT-LARGE - DEM,,DEM,Patrick D. Cannon,15
MECKLENBURG,141,CITY OF CHARLOTTE CITY COUNCIL AT-LARGE - DEM,,DEM,Patrick D. Cannon,5
MECKLENBURG,144,CITY OF CHARLOTTE CITY COUNCIL AT-LARGE - DEM,,DEM,Patrick D. Cannon,17
MECKLENBURG,145,CITY OF CHARLOTTE CITY COUNCIL AT-LARGE - DEM,,DEM,Patrick D. Cannon,50
MECKLENBURG,146,CITY OF CHARLOTTE CITY COUNCIL AT-LARGE - DEM,,DEM,Patrick D. Cannon,46
MECKLENBURG,147,CITY OF CHARLOTTE CITY COUNCIL AT-LARGE - DEM,,DEM,Patrick D. Cannon,105
MECKLENBURG,148,CITY OF CHARLOTTE CITY COUNCIL AT-LARGE - DEM,,DEM,Patrick D. Cannon,34
MECKLENBURG,149,CITY OF CHARLOTTE CITY COUNCIL AT-LARGE - DEM,,DEM,Patrick D. Cannon,57
MECKLENBURG,150,CITY OF CHARLOTTE CITY COUNCIL AT-LARGE - DEM,,DEM,Patrick D. Cannon,41
MECKLENBURG,151,CITY OF CHARLOTTE CITY COUNCIL AT-LARGE - DEM,,DEM,Patrick D. Cannon,33
MECKLENBURG,201,CITY OF CHARLOTTE CITY COUNCIL AT-LARGE - DEM,,DEM,Patrick D. Cannon,33
MECKLENBURG,203,CITY OF CHARLOTTE CITY COUNCIL AT-LARGE - DEM,,DEM,Patrick D. Cannon,65
MECKLENBURG,204.1,CITY OF CHARLOTTE CITY COUNCIL AT-LARGE - DEM,,DEM,Patrick D. Cannon,60
MECKLENBURG,205,CITY OF CHARLOTTE CITY COUNCIL AT-LARGE - DEM,,DEM,Patrick D. Cannon,35
MECKLENBURG,209,CITY OF CHARLOTTE CITY COUNCIL AT-LARGE - DEM,,DEM,Patrick D. Cannon,0
MECKLENBURG,210,CITY OF CHARLOTTE CITY COUNCIL AT-LARGE - DEM,,DEM,Patrick D. Cannon,292
MECKLENBURG,211,CITY OF CHARLOTTE CITY COUNCIL AT-LARGE - DEM,,DEM,Patrick D. Cannon,98
MECKLENBURG,212,CITY OF CHARLOTTE CITY COUNCIL AT-LARGE - DEM,,DEM,Patrick D. Cannon,82
MECKLENBURG,213,CITY OF CHARLOTTE CITY COUNCIL AT-LARGE - DEM,,DEM,Patrick D. Cannon,69
MECKLENBURG,214,CITY OF CHARLOTTE CITY COUNCIL AT-LARGE - DEM,,DEM,Patrick D. Cannon,36
MECKLENBURG,222,CITY OF CHARLOTTE CITY COUNCIL AT-LARGE - DEM,,DEM,Patrick D. Cannon,32
MECKLENBURG,223.1,CITY OF CHARLOTTE CITY COUNCIL AT-LARGE - DEM,,DEM,Patrick D. Cannon,36
MECKLENBURG,224,CITY OF CHARLOTTE CITY COUNCIL AT-LARGE - DEM,,DEM,Patrick D. Cannon,27
MECKLENBURG,225,CITY OF CHARLOTTE CITY COUNCIL AT-LARGE - DEM,,DEM,Patrick D. Cannon,0
MECKLENBURG,226,CITY OF CHARLOTTE CITY COUNCIL AT-LARGE - DEM,,DEM,Patrick D. Cannon,20
MECKLENBURG,227,CITY OF CHARLOTTE CITY COUNCIL AT-LARGE - DEM,,DEM,Patrick D. Cannon,30
MECKLENBURG,228,CITY OF CHARLOTTE CITY COUNCIL AT-LARGE - DEM,,DEM,Patrick D. Cannon,61
MECKLENBURG,229,CITY OF CHARLOTTE CITY COUNCIL AT-LARGE - DEM,,DEM,Patrick D. Cannon,44
MECKLENBURG,230,CITY OF CHARLOTTE CITY COUNCIL AT-LARGE - DEM,,DEM,Patrick D. Cannon,79
MECKLENBURG,232,CITY OF CHARLOTTE CITY COUNCIL AT-LARGE - DEM,,DEM,Patrick D. Cannon,28
MECKLENBURG,237,CITY OF CHARLOTTE CITY COUNCIL AT-LARGE - DEM,,DEM,Patrick D. Cannon,23
MECKLENBURG,238.1,CITY OF CHARLOTTE CITY COUNCIL AT-LARGE - DEM,,DEM,Patrick D. Cannon,50
MECKLENBURG,239,CITY OF CHARLOTTE CITY COUNCIL AT-LARGE - DEM,,DEM,Patrick D. Cannon,26
MECKLENBURG,243,CITY OF CHARLOTTE CITY COUNCIL AT-LARGE - DEM,,DEM,Patrick D. Cannon,51
MECKLENBURG,ABSENTEE BY MAIL,CITY OF CHARLOTTE CITY COUNCIL AT-LARGE - DEM,,DEM,Patrick D. Cannon,60
MECKLENBURG,CURBSIDE,CITY OF CHARLOTTE CITY COUNCIL AT-LARGE - DEM,,DEM,Patrick D. Cannon,66
MECKLENBURG,PROVISIONAL,CITY OF CHARLOTTE CITY COUNCIL AT-LARGE - DEM,,DEM,Patrick D. Cannon,21
MECKLENBURG,011,CITY OF CHARLOTTE CITY COUNCIL DISTRICT 2 - DEM,2,DEM,"James (Smuggie) Mitchell, Jr.",89
MECKLENBURG,012,CITY OF CHARLOTTE CITY COUNCIL DISTRICT 2 - DEM,2,DEM,"James (Smuggie) Mitchell, Jr.",55
MECKLENBURG,016,CITY OF CHARLOTTE CITY COUNCIL DISTRICT 2 - DEM,2,DEM,"James (Smuggie) Mitchell, Jr.",259
MECKLENBURG,025,CITY OF CHARLOTTE CITY COUNCIL DISTRICT 2 - DEM,2,DEM,"James (Smuggie) Mitchell, Jr.",126
MECKLENBURG,040,CITY OF CHARLOTTE CITY COUNCIL DISTRICT 2 - DEM,2,DEM,"James (Smuggie) Mitchell, Jr.",39
MECKLENBURG,041,CITY OF CHARLOTTE CITY COUNCIL DISTRICT 2 - DEM,2,DEM,"James (Smuggie) Mitchell, Jr.",45
MECKLENBURG,054,CITY OF CHARLOTTE CITY COUNCIL DISTRICT 2 - DEM,2,DEM,"James (Smuggie) Mitchell, Jr.",107
MECKLENBURG,055,CITY OF CHARLOTTE CITY COUNCIL DISTRICT 2 - DEM,2,DEM,"James (Smuggie) Mitchell, Jr.",94
MECKLENBURG,089,CITY OF CHARLOTTE CITY COUNCIL DISTRICT 2 - DEM,2,DEM,"James (Smuggie) Mitchell, Jr.",36
MECKLENBURG,107.1,CITY OF CHARLOTTE CITY COUNCIL DISTRICT 2 - DEM,2,DEM,"James (Smuggie) Mitchell, Jr.",43
MECKLENBURG,135,CITY OF CHARLOTTE CITY COUNCIL DISTRICT 2 - DEM,2,DEM,"James (Smuggie) Mitchell, Jr.",52
MECKLENBURG,146,CITY OF CHARLOTTE CITY COUNCIL DISTRICT 2 - DEM,2,DEM,"James (Smuggie) Mitchell, Jr.",36
MECKLENBURG,150,CITY OF CHARLOTTE CITY COUNCIL DISTRICT 2 - DEM,2,DEM,"James (Smuggie) Mitchell, Jr.",26
MECKLENBURG,209,CITY OF CHARLOTTE CITY COUNCIL DISTRICT 2 - DEM,2,DEM,"James (Smuggie) Mitchell, Jr.",0
MECKLENBURG,210,CITY OF CHARLOTTE CITY COUNCIL DISTRICT 2 - DEM,2,DEM,"James (Smuggie) Mitchell, Jr.",227
MECKLENBURG,211,CITY OF CHARLOTTE CITY COUNCIL DISTRICT 2 - DEM,2,DEM,"James (Smuggie) Mitchell, Jr.",75
MECKLENBURG,213,CITY OF CHARLOTTE CITY COUNCIL DISTRICT 2 - DEM,2,DEM,"James (Smuggie) Mitchell, Jr.",54
MECKLENBURG,222,CITY OF CHARLOTTE CITY COUNCIL DISTRICT 2 - DEM,2,DEM,"James (Smuggie) Mitchell, Jr.",23
MECKLENBURG,223.1,CITY OF CHARLOTTE CITY COUNCIL DISTRICT 2 - DEM,2,DEM,"James (Smuggie) Mitchell, Jr.",26
MECKLENBURG,ABSENTEE BY MAIL,CITY OF CHARLOTTE CITY COUNCIL DISTRICT 2 - DEM,2,DEM,"James (Smuggie) Mitchell, Jr.",17
MECKLENBURG,CURBSIDE,CITY OF CHARLOTTE CITY COUNCIL DISTRICT 2 - DEM,2,DEM,"James (Smuggie) Mitchell, Jr.",38
MECKLENBURG,PROVISIONAL,CITY OF CHARLOTTE CITY COUNCIL DISTRICT 2 - DEM,2,DEM,"James (Smuggie) Mitchell, Jr.",3
MECKLENBURG,011,CITY OF CHARLOTTE CITY COUNCIL DISTRICT 2 - DEM,2,DEM,Vivian C. Mitchell,21
MECKLENBURG,012,CITY OF CHARLOTTE CITY COUNCIL DISTRICT 2 - DEM,2,DEM,Vivian C. Mitchell,5
MECKLENBURG,016,CITY OF CHARLOTTE CITY COUNCIL DISTRICT 2 - DEM,2,DEM,Vivian C. Mitchell,14
MECKLENBURG,025,CITY OF CHARLOTTE CITY COUNCIL DISTRICT 2 - DEM,2,DEM,Vivian C. Mitchell,18
MECKLENBURG,040,CITY OF CHARLOTTE CITY COUNCIL DISTRICT 2 - DEM,2,DEM,Vivian C. Mitchell,13
MECKLENBURG,041,CITY OF CHARLOTTE CITY COUNCIL DISTRICT 2 - DEM,2,DEM,Vivian C. Mitchell,9
MECKLENBURG,054,CITY OF CHARLOTTE CITY COUNCIL DISTRICT 2 - DEM,2,DEM,Vivian C. Mitchell,27
MECKLENBURG,055,CITY OF CHARLOTTE CITY COUNCIL DISTRICT 2 - DEM,2,DEM,Vivian C. Mitchell,16
MECKLENBURG,089,CITY OF CHARLOTTE CITY COUNCIL DISTRICT 2 - DEM,2,DEM,Vivian C. Mitchell,19
MECKLENBURG,107.1,CITY OF CHARLOTTE CITY COUNCIL DISTRICT 2 - DEM,2,DEM,Vivian C. Mitchell,14
MECKLENBURG,135,CITY OF CHARLOTTE CITY COUNCIL DISTRICT 2 - DEM,2,DEM,Vivian C. Mitchell,20
MECKLENBURG,146,CITY OF CHARLOTTE CITY COUNCIL DISTRICT 2 - DEM,2,DEM,Vivian C. Mitchell,12
MECKLENBURG,150,CITY OF CHARLOTTE CITY COUNCIL DISTRICT 2 - DEM,2,DEM,Vivian C. Mitchell,5
MECKLENBURG,209,CITY OF CHARLOTTE CITY COUNCIL DISTRICT 2 - DEM,2,DEM,Vivian C. Mitchell,0
MECKLENBURG,210,CITY OF CHARLOTTE CITY COUNCIL DISTRICT 2 - DEM,2,DEM,Vivian C. Mitchell,21
MECKLENBURG,211,CITY OF CHARLOTTE CITY COUNCIL DISTRICT 2 - DEM,2,DEM,Vivian C. Mitchell,20
MECKLENBURG,213,CITY OF CHARLOTTE CITY COUNCIL DISTRICT 2 - DEM,2,DEM,Vivian C. Mitchell,7
MECKLENBURG,222,CITY OF CHARLOTTE CITY COUNCIL DISTRICT 2 - DEM,2,DEM,Vivian C. Mitchell,9
MECKLENBURG,223.1,CITY OF CHARLOTTE CITY COUNCIL DISTRICT 2 - DEM,2,DEM,Vivian C. Mitchell,8
MECKLENBURG,ABSENTEE BY MAIL,CITY OF CHARLOTTE CITY COUNCIL DISTRICT 2 - DEM,2,DEM,Vivian C. Mitchell,2
MECKLENBURG,CURBSIDE,CITY OF CHARLOTTE CITY COUNCIL DISTRICT 2 - DEM,2,DEM,Vivian C. Mitchell,4
MECKLENBURG,PROVISIONAL,CITY OF CHARLOTTE CITY COUNCIL DISTRICT 2 - DEM,2,DEM,Vivian C. Mitchell,1
MECKLENBURG,011,CITY OF CHARLOTTE CITY COUNCIL DISTRICT 2 - DEM,2,DEM,Cameron Webb Gardner,14
MECKLENBURG,012,CITY OF CHARLOTTE CITY COUNCIL DISTRICT 2 - DEM,2,DEM,Cameron Webb Gardner,4
MECKLENBURG,016,CITY OF CHARLOTTE CITY COUNCIL DISTRICT 2 - DEM,2,DEM,Cameron Webb Gardner,1
MECKLENBURG,025,CITY OF CHARLOTTE CITY COUNCIL DISTRICT 2 - DEM,2,DEM,Cameron Webb Gardner,4
MECKLENBURG,040,CITY OF CHARLOTTE CITY COUNCIL DISTRICT 2 - DEM,2,DEM,Cameron Webb Gardner,3
MECKLENBURG,041,CITY OF CHARLOTTE CITY COUNCIL DISTRICT 2 - DEM,2,DEM,Cameron Webb Gardner,2
MECKLENBURG,054,CITY OF CHARLOTTE CITY COUNCIL DISTRICT 2 - DEM,2,DEM,Cameron Webb Gardner,4
MECKLENBURG,055,CITY OF CHARLOTTE CITY COUNCIL DISTRICT 2 - DEM,2,DEM,Cameron Webb Gardner,2
MECKLENBURG,089,CITY OF CHARLOTTE CITY COUNCIL DISTRICT 2 - DEM,2,DEM,Cameron Webb Gardner,9
MECKLENBURG,107.1,CITY OF CHARLOTTE CITY COUNCIL DISTRICT 2 - DEM,2,DEM,Cameron Webb Gardner,7
MECKLENBURG,135,CITY OF CHARLOTTE CITY COUNCIL DISTRICT 2 - DEM,2,DEM,Cameron Webb Gardner,10
MECKLENBURG,146,CITY OF CHARLOTTE CITY COUNCIL DISTRICT 2 - DEM,2,DEM,Cameron Webb Gardner,1
MECKLENBURG,150,CITY OF CHARLOTTE CITY COUNCIL DISTRICT 2 - DEM,2,DEM,Cameron Webb Gardner,11
MECKLENBURG,209,CITY OF CHARLOTTE CITY COUNCIL DISTRICT 2 - DEM,2,DEM,Cameron Webb Gardner,0
MECKLENBURG,210,CITY OF CHARLOTTE CITY COUNCIL DISTRICT 2 - DEM,2,DEM,Cameron Webb Gardner,14
MECKLENBURG,211,CITY OF CHARLOTTE CITY COUNCIL DISTRICT 2 - DEM,2,DEM,Cameron Webb Gardner,5
MECKLENBURG,213,CITY OF CHARLOTTE CITY COUNCIL DISTRICT 2 - DEM,2,DEM,Cameron Webb Gardner,15
MECKLENBURG,222,CITY OF CHARLOTTE CITY COUNCIL DISTRICT 2 - DEM,2,DEM,Cameron Webb Gardner,3
MECKLENBURG,223.1,CITY OF CHARLOTTE CITY COUNCIL DISTRICT 2 - DEM,2,DEM,Cameron Webb Gardner,7
MECKLENBURG,ABSENTEE BY MAIL,CITY OF CHARLOTTE CITY COUNCIL DISTRICT 2 - DEM,2,DEM,Cameron Webb Gardner,1
MECKLENBURG,CURBSIDE,CITY OF CHARLOTTE CITY COUNCIL DISTRICT 2 - DEM,2,DEM,Cameron Webb Gardner,0
MECKLENBURG,PROVISIONAL,CITY OF CHARLOTTE CITY COUNCIL DISTRICT 2 - DEM,2,DEM,Cameron Webb Gardner,0
MECKLENBURG,011,CITY OF CHARLOTTE CITY COUNCIL DISTRICT 2 - DEM,2,DEM,Gregg Greer,14
MECKLENBURG,012,CITY OF CHARLOTTE CITY COUNCIL DISTRICT 2 - DEM,2,DEM,Gregg Greer,7
MECKLENBURG,016,CITY OF CHARLOTTE CITY COUNCIL DISTRICT 2 - DEM,2,DEM,Gregg Greer,29
MECKLENBURG,025,CITY OF CHARLOTTE CITY COUNCIL DISTRICT 2 - DEM,2,DEM,Gregg Greer,15
MECKLENBURG,040,CITY OF CHARLOTTE CITY COUNCIL DISTRICT 2 - DEM,2,DEM,Gregg Greer,1
MECKLENBURG,041,CITY OF CHARLOTTE CITY COUNCIL DISTRICT 2 - DEM,2,DEM,Gregg Greer,5
MECKLENBURG,054,CITY OF CHARLOTTE CITY COUNCIL DISTRICT 2 - DEM,2,DEM,Gregg Greer,11
MECKLENBURG,055,CITY OF CHARLOTTE CITY COUNCIL DISTRICT 2 - DEM,2,DEM,Gregg Greer,4
MECKLENBURG,089,CITY OF CHARLOTTE CITY COUNCIL DISTRICT 2 - DEM,2,DEM,Gregg Greer,5
MECKLENBURG,107.1,CITY OF CHARLOTTE CITY COUNCIL DISTRICT 2 - DEM,2,DEM,Gregg Greer,6
MECKLENBURG,135,CITY OF CHARLOTTE CITY COUNCIL DISTRICT 2 - DEM,2,DEM,Gregg Greer,9
MECKLENBURG,146,CITY OF CHARLOTTE CITY COUNCIL DISTRICT 2 - DEM,2,DEM,Gregg Greer,3
MECKLENBURG,150,CITY OF CHARLOTTE CITY COUNCIL DISTRICT 2 - DEM,2,DEM,Gregg Greer,5
MECKLENBURG,209,CITY OF CHARLOTTE CITY COUNCIL DISTRICT 2 - DEM,2,DEM,Gregg Greer,0
MECKLENBURG,210,CITY OF CHARLOTTE CITY COUNCIL DISTRICT 2 - DEM,2,DEM,Gregg Greer,46
MECKLENBURG,211,CITY OF CHARLOTTE CITY COUNCIL DISTRICT 2 - DEM,2,DEM,Gregg Greer,9
MECKLENBURG,213,CITY OF CHARLOTTE CITY COUNCIL DISTRICT 2 - DEM,2,DEM,Gregg Greer,10
MECKLENBURG,222,CITY OF CHARLOTTE CITY COUNCIL DISTRICT 2 - DEM,2,DEM,Gregg Greer,9
MECKLENBURG,223.1,CITY OF CHARLOTTE CITY COUNCIL DISTRICT 2 - DEM,2,DEM,Gregg Greer,10
MECKLENBURG,ABSENTEE BY MAIL,CITY OF CHARLOTTE CITY COUNCIL DISTRICT 2 - DEM,2,DEM,Gregg Greer,0
MECKLENBURG,CURBSIDE,CITY OF CHARLOTTE CITY COUNCIL DISTRICT 2 - DEM,2,DEM,Gregg Greer,3
MECKLENBURG,PROVISIONAL,CITY OF CHARLOTTE CITY COUNCIL DISTRICT 2 - DEM,2,DEM,Gregg Greer,0
MECKLENBURG,022,CITY OF CHARLOTTE CITY COUNCIL DISTRICT 3 - DEM,3,DEM,Warren F. Turner,25
MECKLENBURG,023,CITY OF CHARLOTTE CITY COUNCIL DISTRICT 3 - DEM,3,DEM,Warren F. Turner,10
MECKLENBURG,024,CITY OF CHARLOTTE CITY COUNCIL DISTRICT 3 - DEM,3,DEM,Warren F. Turner,21
MECKLENBURG,031,CITY OF CHARLOTTE CITY COUNCIL DISTRICT 3 - DEM,3,DEM,Warren F. Turner,27
MECKLENBURG,039,CITY OF CHARLOTTE CITY COUNCIL DISTRICT 3 - DEM,3,DEM,Warren F. Turner,21
MECKLENBURG,052,CITY OF CHARLOTTE CITY COUNCIL DISTRICT 3 - DEM,3,DEM,Warren F. Turner,81
MECKLENBURG,053,CITY OF CHARLOTTE CITY COUNCIL DISTRICT 3 - DEM,3,DEM,Warren F. Turner,22
MECKLENBURG,077,CITY OF CHARLOTTE CITY COUNCIL DISTRICT 3 - DEM,3,DEM,Warren F. Turner,58
MECKLENBURG,078.1_,CITY OF CHARLOTTE CITY COUNCIL DISTRICT 3 - DEM,3,DEM,Warren F. Turner,28
MECKLENBURG,079,CITY OF CHARLOTTE CITY COUNCIL DISTRICT 3 - DEM,3,DEM,Warren F. Turner,19
MECKLENBURG,080,CITY OF CHARLOTTE CITY COUNCIL DISTRICT 3 - DEM,3,DEM,Warren F. Turner,28
MECKLENBURG,081,CITY OF CHARLOTTE CITY COUNCIL DISTRICT 3 - DEM,3,DEM,Warren F. Turner,60
MECKLENBURG,098,CITY OF CHARLOTTE CITY COUNCIL DISTRICT 3 - DEM,3,DEM,Warren F. Turner,29
MECKLENBURG,122,CITY OF CHARLOTTE CITY COUNCIL DISTRICT 3 - DEM,3,DEM,Warren F. Turner,48
MECKLENBURG,138,CITY OF CHARLOTTE CITY COUNCIL DISTRICT 3 - DEM,3,DEM,Warren F. Turner,15
MECKLENBURG,147,CITY OF CHARLOTTE CITY COUNCIL DISTRICT 3 - DEM,3,DEM,Warren F. Turner,36
MECKLENBURG,224,CITY OF CHARLOTTE CITY COUNCIL DISTRICT 3 - DEM,3,DEM,Warren F. Turner,6
MECKLENBURG,225,CITY OF CHARLOTTE CITY COUNCIL DISTRICT 3 - DEM,3,DEM,Warren F. Turner,0
MECKLENBURG,228,CITY OF CHARLOTTE CITY COUNCIL DISTRICT 3 - DEM,3,DEM,Warren F. Turner,28
MECKLENBURG,229,CITY OF CHARLOTTE CITY COUNCIL DISTRICT 3 - DEM,3,DEM,Warren F. Turner,16
MECKLENBURG,230,CITY OF CHARLOTTE CITY COUNCIL DISTRICT 3 - DEM,3,DEM,Warren F. Turner,26
MECKLENBURG,243,CITY OF CHARLOTTE CITY COUNCIL DISTRICT 3 - DEM,3,DEM,Warren F. Turner,21
MECKLENBURG,ABSENTEE BY MAIL,CITY OF CHARLOTTE CITY COUNCIL DISTRICT 3 - DEM,3,DEM,Warren F. Turner,3
MECKLENBURG,CURBSIDE,CITY OF CHARLOTTE CITY COUNCIL DISTRICT 3 - DEM,3,DEM,Warren F. Turner,6
MECKLENBURG,PROVISIONAL,CITY OF CHARLOTTE CITY COUNCIL DISTRICT 3 - DEM,3,DEM,Warren F. Turner,0
MECKLENBURG,022,CITY OF CHARLOTTE CITY COUNCIL DISTRICT 3 - DEM,3,DEM,LaWana Mayfield,45
MECKLENBURG,023,CITY OF CHARLOTTE CITY COUNCIL DISTRICT 3 - DEM,3,DEM,LaWana Mayfield,50
MECKLENBURG,024,CITY OF CHARLOTTE CITY COUNCIL DISTRICT 3 - DEM,3,DEM,LaWana Mayfield,43
MECKLENBURG,031,CITY OF CHARLOTTE CITY COUNCIL DISTRICT 3 - DEM,3,DEM,LaWana Mayfield,74
MECKLENBURG,039,CITY OF CHARLOTTE CITY COUNCIL DISTRICT 3 - DEM,3,DEM,LaWana Mayfield,39
MECKLENBURG,052,CITY OF CHARLOTTE CITY COUNCIL DISTRICT 3 - DEM,3,DEM,LaWana Mayfield,95
MECKLENBURG,053,CITY OF CHARLOTTE CITY COUNCIL DISTRICT 3 - DEM,3,DEM,LaWana Mayfield,66
MECKLENBURG,077,CITY OF CHARLOTTE CITY COUNCIL DISTRICT 3 - DEM,3,DEM,LaWana Mayfield,60
MECKLENBURG,078.1_,CITY OF CHARLOTTE CITY COUNCIL DISTRICT 3 - DEM,3,DEM,LaWana Mayfield,20
MECKLENBURG,079,CITY OF CHARLOTTE CITY COUNCIL DISTRICT 3 - DEM,3,DEM,LaWana Mayfield,25
MECKLENBURG,080,CITY OF CHARLOTTE CITY COUNCIL DISTRICT 3 - DEM,3,DEM,LaWana Mayfield,59
MECKLENBURG,081,CITY OF CHARLOTTE CITY COUNCIL DISTRICT 3 - DEM,3,DEM,LaWana Mayfield,45
MECKLENBURG,098,CITY OF CHARLOTTE CITY COUNCIL DISTRICT 3 - DEM,3,DEM,LaWana Mayfield,53
MECKLENBURG,122,CITY OF CHARLOTTE CITY COUNCIL DISTRICT 3 - DEM,3,DEM,LaWana Mayfield,38
MECKLENBURG,138,CITY OF CHARLOTTE CITY COUNCIL DISTRICT 3 - DEM,3,DEM,LaWana Mayfield,16
MECKLENBURG,147,CITY OF CHARLOTTE CITY COUNCIL DISTRICT 3 - DEM,3,DEM,LaWana Mayfield,70
MECKLENBURG,224,CITY OF CHARLOTTE CITY COUNCIL DISTRICT 3 - DEM,3,DEM,LaWana Mayfield,22
MECKLENBURG,225,CITY OF CHARLOTTE CITY COUNCIL DISTRICT 3 - DEM,3,DEM,LaWana Mayfield,0
MECKLENBURG,228,CITY OF CHARLOTTE CITY COUNCIL DISTRICT 3 - DEM,3,DEM,LaWana Mayfield,31
MECKLENBURG,229,CITY OF CHARLOTTE CITY COUNCIL DISTRICT 3 - DEM,3,DEM,LaWana Mayfield,23
MECKLENBURG,230,CITY OF CHARLOTTE CITY COUNCIL DISTRICT 3 - DEM,3,DEM,LaWana Mayfield,32
MECKLENBURG,243,CITY OF CHARLOTTE CITY COUNCIL DISTRICT 3 - DEM,3,DEM,LaWana Mayfield,30
MECKLENBURG,ABSENTEE BY MAIL,CITY OF CHARLOTTE CITY COUNCIL DISTRICT 3 - DEM,3,DEM,LaWana Mayfield,5
MECKLENBURG,CURBSIDE,CITY OF CHARLOTTE CITY COUNCIL DISTRICT 3 - DEM,3,DEM,LaWana Mayfield,5
MECKLENBURG,PROVISIONAL,CITY OF CHARLOTTE CITY COUNCIL DISTRICT 3 - DEM,3,DEM,LaWana Mayfield,2
MECKLENBURG,022,CITY OF CHARLOTTE CITY COUNCIL DISTRICT 3 - DEM,3,DEM,Svend H. Deal,19
MECKLENBURG,023,CITY OF CHARLOTTE CITY COUNCIL DISTRICT 3 - DEM,3,DEM,Svend H. Deal,15
MECKLENBURG,024,CITY OF CHARLOTTE CITY COUNCIL DISTRICT 3 - DEM,3,DEM,Svend H. Deal,10
MECKLENBURG,031,CITY OF CHARLOTTE CITY COUNCIL DISTRICT 3 - DEM,3,DEM,Svend H. Deal,9
MECKLENBURG,039,CITY OF CHARLOTTE CITY COUNCIL DISTRICT 3 - DEM,3,DEM,Svend H. Deal,3
MECKLENBURG,052,CITY OF CHARLOTTE CITY COUNCIL DISTRICT 3 - DEM,3,DEM,Svend H. Deal,6
MECKLENBURG,053,CITY OF CHARLOTTE CITY COUNCIL DISTRICT 3 - DEM,3,DEM,Svend H. Deal,9
MECKLENBURG,077,CITY OF CHARLOTTE CITY COUNCIL DISTRICT 3 - DEM,3,DEM,Svend H. Deal,3
MECKLENBURG,078.1_,CITY OF CHARLOTTE CITY COUNCIL DISTRICT 3 - DEM,3,DEM,Svend H. Deal,10
MECKLENBURG,079,CITY OF CHARLOTTE CITY COUNCIL DISTRICT 3 - DEM,3,DEM,Svend H. Deal,24
MECKLENBURG,080,CITY OF CHARLOTTE CITY COUNCIL DISTRICT 3 - DEM,3,DEM,Svend H. Deal,12
MECKLENBURG,081,CITY OF CHARLOTTE CITY COUNCIL DISTRICT 3 - DEM,3,DEM,Svend H. Deal,30
MECKLENBURG,098,CITY OF CHARLOTTE CITY COUNCIL DISTRICT 3 - DEM,3,DEM,Svend H. Deal,1
MECKLENBURG,122,CITY OF CHARLOTTE CITY COUNCIL DISTRICT 3 - DEM,3,DEM,Svend H. Deal,30
MECKLENBURG,138,CITY OF CHARLOTTE CITY COUNCIL DISTRICT 3 - DEM,3,DEM,Svend H. Deal,1
MECKLENBURG,147,CITY OF CHARLOTTE CITY COUNCIL DISTRICT 3 - DEM,3,DEM,Svend H. Deal,8
MECKLENBURG,224,CITY OF CHARLOTTE CITY COUNCIL DISTRICT 3 - DEM,3,DEM,Svend H. Deal,2
MECKLENBURG,225,CITY OF CHARLOTTE CITY COUNCIL DISTRICT 3 - DEM,3,DEM,Svend H. Deal,0
MECKLENBURG,228,CITY OF CHARLOTTE CITY COUNCIL DISTRICT 3 - DEM,3,DEM,Svend H. Deal,11
MECKLENBURG,229,CITY OF CHARLOTTE CITY COUNCIL DISTRICT 3 - DEM,3,DEM,Svend H. Deal,14
MECKLENBURG,230,CITY OF CHARLOTTE CITY COUNCIL DISTRICT 3 - DEM,3,DEM,Svend H. Deal,40
MECKLENBURG,243,CITY OF CHARLOTTE CITY COUNCIL DISTRICT 3 - DEM,3,DEM,Svend H. Deal,18
MECKLENBURG,ABSENTEE BY MAIL,CITY OF CHARLOTTE CITY COUNCIL DISTRICT 3 - DEM,3,DEM,Svend H. Deal,0
MECKLENBURG,CURBSIDE,CITY OF CHARLOTTE CITY COUNCIL DISTRICT 3 - DEM,3,DEM,Svend H. Deal,0
MECKLENBURG,PROVISIONAL,CITY OF CHARLOTTE CITY COUNCIL DISTRICT 3 - DEM,3,DEM,Svend H. Deal,0
MECKLENBURG,004,CITY OF CHARLOTTE CITY COUNCIL DISTRICT 5 - DEM,5,DEM,"Alex Hartley, Jr.",8
MECKLENBURG,006,CITY OF CHARLOTTE CITY COUNCIL DISTRICT 5 - DEM,5,DEM,"Alex Hartley, Jr.",6
MECKLENBURG,007,CITY OF CHARLOTTE CITY COUNCIL DISTRICT 5 - DEM,5,DEM,"Alex Hartley, Jr.",4
MECKLENBURG,033,CITY OF CHARLOTTE CITY COUNCIL DISTRICT 5 - DEM,5,DEM,"Alex Hartley, Jr.",2
MECKLENBURG,034,CITY OF CHARLOTTE CITY COUNCIL DISTRICT 5 - DEM,5,DEM,"Alex Hartley, Jr.",1
MECKLENBURG,062,CITY OF CHARLOTTE CITY COUNCIL DISTRICT 5 - DEM,5,DEM,"Alex Hartley, Jr.",1
MECKLENBURG,063,CITY OF CHARLOTTE CITY COUNCIL DISTRICT 5 - DEM,5,DEM,"Alex Hartley, Jr.",3
MECKLENBURG,064,CITY OF CHARLOTTE CITY COUNCIL DISTRICT 5 - DEM,5,DEM,"Alex Hartley, Jr.",4
MECKLENBURG,066,CITY OF CHARLOTTE CITY COUNCIL DISTRICT 5 - DEM,5,DEM,"Alex Hartley, Jr.",2
MECKLENBURG,083,CITY OF CHARLOTTE CITY COUNCIL DISTRICT 5 - DEM,5,DEM,"Alex Hartley, Jr.",1
MECKLENBURG,084,CITY OF CHARLOTTE CITY COUNCIL DISTRICT 5 - DEM,5,DEM,"Alex Hartley, Jr.",6
MECKLENBURG,094,CITY OF CHARLOTTE CITY COUNCIL DISTRICT 5 - DEM,5,DEM,"Alex Hartley, Jr.",3
MECKLENBURG,095,CITY OF CHARLOTTE CITY COUNCIL DISTRICT 5 - DEM,5,DEM,"Alex Hartley, Jr.",6
MECKLENBURG,102,CITY OF CHARLOTTE CITY COUNCIL DISTRICT 5 - DEM,5,DEM,"Alex Hartley, Jr.",6
MECKLENBURG,104,CITY OF CHARLOTTE CITY COUNCIL DISTRICT 5 - DEM,5,DEM,"Alex Hartley, Jr.",7
MECKLENBURG,108,CITY OF CHARLOTTE CITY COUNCIL DISTRICT 5 - DEM,5,DEM,"Alex Hartley, Jr.",5
MECKLENBURG,115,CITY OF CHARLOTTE CITY COUNCIL DISTRICT 5 - DEM,5,DEM,"Alex Hartley, Jr.",1
MECKLENBURG,116,CITY OF CHARLOTTE CITY COUNCIL DISTRICT 5 - DEM,5,DEM,"Alex Hartley, Jr.",3
MECKLENBURG,117,CITY OF CHARLOTTE CITY COUNCIL DISTRICT 5 - DEM,5,DEM,"Alex Hartley, Jr.",6
MECKLENBURG,123,CITY OF CHARLOTTE CITY COUNCIL DISTRICT 5 - DEM,5,DEM,"Alex Hartley, Jr.",8
MECKLENBURG,124,CITY OF CHARLOTTE CITY COUNCIL DISTRICT 5 - DEM,5,DEM,"Alex Hartley, Jr.",6
MECKLENBURG,125,CITY OF CHARLOTTE CITY COUNCIL DISTRICT 5 - DEM,5,DEM,"Alex Hartley, Jr.",2
MECKLENBURG,130,CITY OF CHARLOTTE CITY COUNCIL DISTRICT 5 - DEM,5,DEM,"Alex Hartley, Jr.",3
MECKLENBURG,201,CITY OF CHARLOTTE CITY COUNCIL DISTRICT 5 - DEM,5,DEM,"Alex Hartley, Jr.",2
MECKLENBURG,203,CITY OF CHARLOTTE CITY COUNCIL DISTRICT 5 - DEM,5,DEM,"Alex Hartley, Jr.",7
MECKLENBURG,ABSENTEE BY MAIL,CITY OF CHARLOTTE CITY COUNCIL DISTRICT 5 - DEM,5,DEM,"Alex Hartley, Jr.",1
MECKLENBURG,CURBSIDE,CITY OF CHARLOTTE CITY COUNCIL DISTRICT 5 - DEM,5,DEM,"Alex Hartley, Jr.",0
MECKLENBURG,PROVISIONAL,CITY OF CHARLOTTE CITY COUNCIL DISTRICT 5 - DEM,5,DEM,"Alex Hartley, Jr.",0
MECKLENBURG,004,CITY OF CHARLOTTE CITY COUNCIL DISTRICT 5 - DEM,5,DEM,Darrell Bonapart,33
MECKLENBURG,006,CITY OF CHARLOTTE CITY COUNCIL DISTRICT 5 - DEM,5,DEM,Darrell Bonapart,6
MECKLENBURG,007,CITY OF CHARLOTTE CITY COUNCIL DISTRICT 5 - DEM,5,DEM,Darrell Bonapart,13
MECKLENBURG,033,CITY OF CHARLOTTE CITY COUNCIL DISTRICT 5 - DEM,5,DEM,Darrell Bonapart,18
MECKLENBURG,034,CITY OF CHARLOTTE CITY COUNCIL DISTRICT 5 - DEM,5,DEM,Darrell Bonapart,13
MECKLENBURG,062,CITY OF CHARLOTTE CITY COUNCIL DISTRICT 5 - DEM,5,DEM,Darrell Bonapart,29
MECKLENBURG,063,CITY OF CHARLOTTE CITY COUNCIL DISTRICT 5 - DEM,5,DEM,Darrell Bonapart,20
MECKLENBURG,064,CITY OF CHARLOTTE CITY COUNCIL DISTRICT 5 - DEM,5,DEM,Darrell Bonapart,9
MECKLENBURG,066,CITY OF CHARLOTTE CITY COUNCIL DISTRICT 5 - DEM,5,DEM,Darrell Bonapart,3
MECKLENBURG,083,CITY OF CHARLOTTE CITY COUNCIL DISTRICT 5 - DEM,5,DEM,Darrell Bonapart,20
MECKLENBURG,084,CITY OF CHARLOTTE CITY COUNCIL DISTRICT 5 - DEM,5,DEM,Darrell Bonapart,58
MECKLENBURG,094,CITY OF CHARLOTTE CITY COUNCIL DISTRICT 5 - DEM,5,DEM,Darrell Bonapart,25
MECKLENBURG,095,CITY OF CHARLOTTE CITY COUNCIL DISTRICT 5 - DEM,5,DEM,Darrell Bonapart,23
MECKLENBURG,102,CITY OF CHARLOTTE CITY COUNCIL DISTRICT 5 - DEM,5,DEM,Darrell Bonapart,19
MECKLENBURG,104,CITY OF CHARLOTTE CITY COUNCIL DISTRICT 5 - DEM,5,DEM,Darrell Bonapart,83
MECKLENBURG,108,CITY OF CHARLOTTE CITY COUNCIL DISTRICT 5 - DEM,5,DEM,Darrell Bonapart,33
MECKLENBURG,115,CITY OF CHARLOTTE CITY COUNCIL DISTRICT 5 - DEM,5,DEM,Darrell Bonapart,12
MECKLENBURG,116,CITY OF CHARLOTTE CITY COUNCIL DISTRICT 5 - DEM,5,DEM,Darrell Bonapart,27
MECKLENBURG,117,CITY OF CHARLOTTE CITY COUNCIL DISTRICT 5 - DEM,5,DEM,Darrell Bonapart,11
MECKLENBURG,123,CITY OF CHARLOTTE CITY COUNCIL DISTRICT 5 - DEM,5,DEM,Darrell Bonapart,28
MECKLENBURG,124,CITY OF CHARLOTTE CITY COUNCIL DISTRICT 5 - DEM,5,DEM,Darrell Bonapart,40
MECKLENBURG,125,CITY OF CHARLOTTE CITY COUNCIL DISTRICT 5 - DEM,5,DEM,Darrell Bonapart,16
MECKLENBURG,130,CITY OF CHARLOTTE CITY COUNCIL DISTRICT 5 - DEM,5,DEM,Darrell Bonapart,11
MECKLENBURG,201,CITY OF CHARLOTTE CITY COUNCIL DISTRICT 5 - DEM,5,DEM,Darrell Bonapart,20
MECKLENBURG,203,CITY OF CHARLOTTE CITY COUNCIL DISTRICT 5 - DEM,5,DEM,Darrell Bonapart,46
MECKLENBURG,ABSENTEE BY MAIL,CITY OF CHARLOTTE CITY COUNCIL DISTRICT 5 - DEM,5,DEM,Darrell Bonapart,2
MECKLENBURG,CURBSIDE,CITY OF CHARLOTTE CITY COUNCIL DISTRICT 5 - DEM,5,DEM,Darrell Bonapart,1
MECKLENBURG,PROVISIONAL,CITY OF CHARLOTTE CITY COUNCIL DISTRICT 5 - DEM,5,DEM,Darrell Bonapart,3
MECKLENBURG,004,CITY OF CHARLOTTE CITY COUNCIL DISTRICT 5 - DEM,5,DEM,John Autry,44
MECKLENBURG,006,CITY OF CHARLOTTE CITY COUNCIL DISTRICT 5 - DEM,5,DEM,John Autry,51
MECKLENBURG,007,CITY OF CHARLOTTE CITY COUNCIL DISTRICT 5 - DEM,5,DEM,John Autry,20
MECKLENBURG,033,CITY OF CHARLOTTE CITY COUNCIL DISTRICT 5 - DEM,5,DEM,John Autry,42
MECKLENBURG,034,CITY OF CHARLOTTE CITY COUNCIL DISTRICT 5 - DEM,5,DEM,John Autry,42
MECKLENBURG,062,CITY OF CHARLOTTE CITY COUNCIL DISTRICT 5 - DEM,5,DEM,John Autry,29
MECKLENBURG,063,CITY OF CHARLOTTE CITY COUNCIL DISTRICT 5 - DEM,5,DEM,John Autry,9
MECKLENBURG,064,CITY OF CHARLOTTE CITY COUNCIL DISTRICT 5 - DEM,5,DEM,John Autry,28
MECKLENBURG,066,CITY OF CHARLOTTE CITY COUNCIL DISTRICT 5 - DEM,5,DEM,John Autry,42
MECKLENBURG,083,CITY OF CHARLOTTE CITY COUNCIL DISTRICT 5 - DEM,5,DEM,John Autry,38
MECKLENBURG,084,CITY OF CHARLOTTE CITY COUNCIL DISTRICT 5 - DEM,5,DEM,John Autry,19
MECKLENBURG,094,CITY OF CHARLOTTE CITY COUNCIL DISTRICT 5 - DEM,5,DEM,John Autry,20
MECKLENBURG,095,CITY OF CHARLOTTE CITY COUNCIL DISTRICT 5 - DEM,5,DEM,John Autry,13
MECKLENBURG,102,CITY OF CHARLOTTE CITY COUNCIL DISTRICT 5 - DEM,5,DEM,John Autry,14
MECKLENBURG,104,CITY OF CHARLOTTE CITY COUNCIL DISTRICT 5 - DEM,5,DEM,John Autry,42
MECKLENBURG,108,CITY OF CHARLOTTE CITY COUNCIL DISTRICT 5 - DEM,5,DEM,John Autry,15
MECKLENBURG,115,CITY OF CHARLOTTE CITY COUNCIL DISTRICT 5 - DEM,5,DEM,John Autry,12
MECKLENBURG,116,CITY OF CHARLOTTE CITY COUNCIL DISTRICT 5 - DEM,5,DEM,John Autry,15
MECKLENBURG,117,CITY OF CHARLOTTE CITY COUNCIL DISTRICT 5 - DEM,5,DEM,John Autry,24
MECKLENBURG,123,CITY OF CHARLOTTE CITY COUNCIL DISTRICT 5 - DEM,5,DEM,John Autry,42
MECKLENBURG,124,CITY OF CHARLOTTE CITY COUNCIL DISTRICT 5 - DEM,5,DEM,John Autry,35
MECKLENBURG,125,CITY OF CHARLOTTE CITY COUNCIL DISTRICT 5 - DEM,5,DEM,John Autry,12
MECKLENBURG,130,CITY OF CHARLOTTE CITY COUNCIL DISTRICT 5 - DEM,5,DEM,John Autry,37
MECKLENBURG,201,CITY OF CHARLOTTE CITY COUNCIL DISTRICT 5 - DEM,5,DEM,John Autry,12
MECKLENBURG,203,CITY OF CHARLOTTE CITY COUNCIL DISTRICT 5 - DEM,5,DEM,John Autry,22
MECKLENBURG,ABSENTEE BY MAIL,CITY OF CHARLOTTE CITY COUNCIL DISTRICT 5 - DEM,5,DEM,John Autry,7
MECKLENBURG,CURBSIDE,CITY OF CHARLOTTE CITY COUNCIL DISTRICT 5 - DEM,5,DEM,John Autry,0
MECKLENBURG,PROVISIONAL,CITY OF CHARLOTTE CITY COUNCIL DISTRICT 5 - DEM,5,DEM,John Autry,2
MECKLENBURG,069,CITY OF CHARLOTTE CITY COUNCIL DISTRICT 7 - REP,7,REP,Jay Privette,28
MECKLENBURG,087,CITY OF CHARLOTTE CITY COUNCIL DISTRICT 7 - REP,7,REP,Jay Privette,11
MECKLENBURG,088,CITY OF CHARLOTTE CITY COUNCIL DISTRICT 7 - REP,7,REP,Jay Privette,16
MECKLENBURG,090,CITY OF CHARLOTTE CITY COUNCIL DISTRICT 7 - REP,7,REP,Jay Privette,10
MECKLENBURG,091,CITY OF CHARLOTTE CITY COUNCIL DISTRICT 7 - REP,7,REP,Jay Privette,26
MECKLENBURG,100,CITY OF CHARLOTTE CITY COUNCIL DISTRICT 7 - REP,7,REP,Jay Privette,17
MECKLENBURG,103,CITY OF CHARLOTTE CITY COUNCIL DISTRICT 7 - REP,7,REP,Jay Privette,24
MECKLENBURG,112,CITY OF CHARLOTTE CITY COUNCIL DISTRICT 7 - REP,7,REP,Jay Privette,12
MECKLENBURG,113,CITY OF CHARLOTTE CITY COUNCIL DISTRICT 7 - REP,7,REP,Jay Privette,10
MECKLENBURG,118,CITY OF CHARLOTTE CITY COUNCIL DISTRICT 7 - REP,7,REP,Jay Privette,6
MECKLENBURG,121,CITY OF CHARLOTTE CITY COUNCIL DISTRICT 7 - REP,7,REP,Jay Privette,22
MECKLENBURG,131,CITY OF CHARLOTTE CITY COUNCIL DISTRICT 7 - REP,7,REP,Jay Privette,13
MECKLENBURG,137,CITY OF CHARLOTTE CITY COUNCIL DISTRICT 7 - REP,7,REP,Jay Privette,26
MECKLENBURG,139.1,CITY OF CHARLOTTE CITY COUNCIL DISTRICT 7 - REP,7,REP,Jay Privette,15
MECKLENBURG,140,CITY OF CHARLOTTE CITY COUNCIL DISTRICT 7 - REP,7,REP,Jay Privette,25
MECKLENBURG,144,CITY OF CHARLOTTE CITY COUNCIL DISTRICT 7 - REP,7,REP,Jay Privette,15
MECKLENBURG,148,CITY OF CHARLOTTE CITY COUNCIL DISTRICT 7 - REP,7,REP,Jay Privette,21
MECKLENBURG,226,CITY OF CHARLOTTE CITY COUNCIL DISTRICT 7 - REP,7,REP,Jay Privette,34
MECKLENBURG,227,CITY OF CHARLOTTE CITY COUNCIL DISTRICT 7 - REP,7,REP,Jay Privette,7
MECKLENBURG,232,CITY OF CHARLOTTE CITY COUNCIL DISTRICT 7 - REP,7,REP,Jay Privette,35
MECKLENBURG,ABSENTEE BY MAIL,CITY OF CHARLOTTE CITY COUNCIL DISTRICT 7 - REP,7,REP,Jay Privette,5
MECKLENBURG,CURBSIDE,CITY OF CHARLOTTE CITY COUNCIL DISTRICT 7 - REP,7,REP,Jay Privette,0
MECKLENBURG,PROVISIONAL,CITY OF CHARLOTTE CITY COUNCIL DISTRICT 7 - REP,7,REP,Jay Privette,0
MECKLENBURG,069,CITY OF CHARLOTTE CITY COUNCIL DISTRICT 7 - REP,7,REP,Warren Cooksey,41
MECKLENBURG,087,CITY OF CHARLOTTE CITY COUNCIL DISTRICT 7 - REP,7,REP,Warren Cooksey,15
MECKLENBURG,088,CITY OF CHARLOTTE CITY COUNCIL DISTRICT 7 - REP,7,REP,Warren Cooksey,26
MECKLENBURG,090,CITY OF CHARLOTTE CITY COUNCIL DISTRICT 7 - REP,7,REP,Warren Cooksey,22
MECKLENBURG,091,CITY OF CHARLOTTE CITY COUNCIL DISTRICT 7 - REP,7,REP,Warren Cooksey,34
MECKLENBURG,100,CITY OF CHARLOTTE CITY COUNCIL DISTRICT 7 - REP,7,REP,Warren Cooksey,25
MECKLENBURG,103,CITY OF CHARLOTTE CITY COUNCIL DISTRICT 7 - REP,7,REP,Warren Cooksey,40
MECKLENBURG,112,CITY OF CHARLOTTE CITY COUNCIL DISTRICT 7 - REP,7,REP,Warren Cooksey,31
MECKLENBURG,113,CITY OF CHARLOTTE CITY COUNCIL DISTRICT 7 - REP,7,REP,Warren Cooksey,24
MECKLENBURG,118,CITY OF CHARLOTTE CITY COUNCIL DISTRICT 7 - REP,7,REP,Warren Cooksey,20
MECKLENBURG,121,CITY OF CHARLOTTE CITY COUNCIL DISTRICT 7 - REP,7,REP,Warren Cooksey,33
MECKLENBURG,131,CITY OF CHARLOTTE CITY COUNCIL DISTRICT 7 - REP,7,REP,Warren Cooksey,25
MECKLENBURG,137,CITY OF CHARLOTTE CITY COUNCIL DISTRICT 7 - REP,7,REP,Warren Cooksey,25
MECKLENBURG,139.1,CITY OF CHARLOTTE CITY COUNCIL DISTRICT 7 - REP,7,REP,Warren Cooksey,20
MECKLENBURG,140,CITY OF CHARLOTTE CITY COUNCIL DISTRICT 7 - REP,7,REP,Warren Cooksey,30
MECKLENBURG,144,CITY OF CHARLOTTE CITY COUNCIL DISTRICT 7 - REP,7,REP,Warren Cooksey,43
MECKLENBURG,148,CITY OF CHARLOTTE CITY COUNCIL DISTRICT 7 - REP,7,REP,Warren Cooksey,20
MECKLENBURG,226,CITY OF CHARLOTTE CITY COUNCIL DISTRICT 7 - REP,7,REP,Warren Cooksey,35
MECKLENBURG,227,CITY OF CHARLOTTE CITY COUNCIL DISTRICT 7 - REP,7,REP,Warren Cooksey,16
MECKLENBURG,232,CITY OF CHARLOTTE CITY COUNCIL DISTRICT 7 - REP,7,REP,Warren Cooksey,31
MECKLENBURG,ABSENTEE BY MAIL,CITY OF CHARLOTTE CITY COUNCIL DISTRICT 7 - REP,7,REP,Warren Cooksey,5
MECKLENBURG,CURBSIDE,CITY OF CHARLOTTE CITY COUNCIL DISTRICT 7 - REP,7,REP,Warren Cooksey,1
MECKLENBURG,PROVISIONAL,CITY OF CHARLOTTE CITY COUNCIL DISTRICT 7 - REP,7,REP,Warren Cooksey,0
STANLY,0002_ALBEMARLE NUMBER 2,CITY OF ALBEMARLE MAYOR - DEM,,DEM,"Elbert L. (Whit) Whitley, Jr.",43
STANLY,0003_ALBEMARLE NUMBER 3,CITY OF ALBEMARLE MAYOR - DEM,,DEM,"Elbert L. (Whit) Whitley, Jr.",197
STANLY,0007_ALBEMARLE NUMBER 7,CITY OF ALBEMARLE MAYOR - DEM,,DEM,"Elbert L. (Whit) Whitley, Jr.",102
STANLY,0008_ALBEMARLE NUMBER 8,CITY OF ALBEMARLE MAYOR - DEM,,DEM,"Elbert L. (Whit) Whitley, Jr.",107
STANLY,0010_ALBEMARLE NUMBER 10,CITY OF ALBEMARLE MAYOR - DEM,,DEM,"Elbert L. (Whit) Whitley, Jr.",61
STANLY,0011_ALBEMARLE NUMBER 11,CITY OF ALBEMARLE MAYOR - DEM,,DEM,"Elbert L. (Whit) Whitley, Jr.",82
STANLY,0012_NORTH ALBEMARLE,CITY OF ALBEMARLE MAYOR - DEM,,DEM,"Elbert L. (Whit) Whitley, Jr.",0
STANLY,0013_SOUTH ALBEMARLE,CITY OF ALBEMARLE MAYOR - DEM,,DEM,"Elbert L. (Whit) Whitley, Jr.",0
STANLY,ONE STOP,CITY OF ALBEMARLE MAYOR - DEM,,DEM,"Elbert L. (Whit) Whitley, Jr.",178
STANLY,ABSENTEE BY MAIL,CITY OF ALBEMARLE MAYOR - DEM,,DEM,"Elbert L. (Whit) Whitley, Jr.",5
STANLY,PROVISIONAL,CITY OF ALBEMARLE MAYOR - DEM,,DEM,"Elbert L. (Whit) Whitley, Jr.",0
STANLY,0002_ALBEMARLE NUMBER 2,CITY OF ALBEMARLE MAYOR - DEM,,DEM,David Morgan,7
STANLY,0003_ALBEMARLE NUMBER 3,CITY OF ALBEMARLE MAYOR - DEM,,DEM,David Morgan,39
STANLY,0007_ALBEMARLE NUMBER 7,CITY OF ALBEMARLE MAYOR - DEM,,DEM,David Morgan,10
STANLY,0008_ALBEMARLE NUMBER 8,CITY OF ALBEMARLE MAYOR - DEM,,DEM,David Morgan,15
STANLY,0010_ALBEMARLE NUMBER 10,CITY OF ALBEMARLE MAYOR - DEM,,DEM,David Morgan,14
STANLY,0011_ALBEMARLE NUMBER 11,CITY OF ALBEMARLE MAYOR - DEM,,DEM,David Morgan,8
STANLY,0012_NORTH ALBEMARLE,CITY OF ALBEMARLE MAYOR - DEM,,DEM,David Morgan,0
STANLY,0013_SOUTH ALBEMARLE,CITY OF ALBEMARLE MAYOR - DEM,,DEM,David Morgan,0
STANLY,ONE STOP,CITY OF ALBEMARLE MAYOR - DEM,,DEM,David Morgan,32
STANLY,ABSENTEE BY MAIL,CITY OF ALBEMARLE MAYOR - DEM,,DEM,David Morgan,5
STANLY,PROVISIONAL,CITY OF ALBEMARLE MAYOR - DEM,,DEM,David Morgan,0
STANLY,0002_ALBEMARLE NUMBER 2,CITY OF ALBEMARLE COUNCIL MEMBER AT-LARGE - DEM,,DEM,Eddy McDaniel,26
STANLY,0003_ALBEMARLE NUMBER 3,CITY OF ALBEMARLE COUNCIL MEMBER AT-LARGE - DEM,,DEM,Eddy McDaniel,86
STANLY,0007_ALBEMARLE NUMBER 7,CITY OF ALBEMARLE COUNCIL MEMBER AT-LARGE - DEM,,DEM,Eddy McDaniel,51
STANLY,0008_ALBEMARLE NUMBER 8,CITY OF ALBEMARLE COUNCIL MEMBER AT-LARGE - DEM,,DEM,Eddy McDaniel,55
STANLY,0010_ALBEMARLE NUMBER 10,CITY OF ALBEMARLE COUNCIL MEMBER AT-LARGE - DEM,,DEM,Eddy McDaniel,32
STANLY,0011_ALBEMARLE NUMBER 11,CITY OF ALBEMARLE COUNCIL MEMBER AT-LARGE - DEM,,DEM,Eddy McDaniel,38
STANLY,0012_NORTH ALBEMARLE,CITY OF ALBEMARLE COUNCIL MEMBER AT-LARGE - DEM,,DEM,Eddy McDaniel,0
STANLY,0013_SOUTH ALBEMARLE,CITY OF ALBEMARLE COUNCIL MEMBER AT-LARGE - DEM,,DEM,Eddy McDaniel,0
STANLY,ONE STOP,CITY OF ALBEMARLE COUNCIL MEMBER AT-LARGE - DEM,,DEM,Eddy McDaniel,97
STANLY,ABSENTEE BY MAIL,CITY OF ALBEMARLE COUNCIL MEMBER AT-LARGE - DEM,,DEM,Eddy McDaniel,5
STANLY,PROVISIONAL,CITY OF ALBEMARLE COUNCIL MEMBER AT-LARGE - DEM,,DEM,Eddy McDaniel,0
STANLY,0002_ALBEMARLE NUMBER 2,CITY OF ALBEMARLE COUNCIL MEMBER AT-LARGE - DEM,,DEM,Martha Sue Hall,34
STANLY,0003_ALBEMARLE NUMBER 3,CITY OF ALBEMARLE COUNCIL MEMBER AT-LARGE - DEM,,DEM,Martha Sue Hall,180
STANLY,0007_ALBEMARLE NUMBER 7,CITY OF ALBEMARLE COUNCIL MEMBER AT-LARGE - DEM,,DEM,Martha Sue Hall,78
STANLY,0008_ALBEMARLE NUMBER 8,CITY OF ALBEMARLE COUNCIL MEMBER AT-LARGE - DEM,,DEM,Martha Sue Hall,79
STANLY,0010_ALBEMARLE NUMBER 10,CITY OF ALBEMARLE COUNCIL MEMBER AT-LARGE - DEM,,DEM,Martha Sue Hall,52
STANLY,0011_ALBEMARLE NUMBER 11,CITY OF ALBEMARLE COUNCIL MEMBER AT-LARGE - DEM,,DEM,Martha Sue Hall,76
STANLY,0012_NORTH ALBEMARLE,CITY OF ALBEMARLE COUNCIL MEMBER AT-LARGE - DEM,,DEM,Martha Sue Hall,0
STANLY,0013_SOUTH ALBEMARLE,CITY OF ALBEMARLE COUNCIL MEMBER AT-LARGE - DEM,,DEM,Martha Sue Hall,0
STANLY,ONE STOP,CITY OF ALBEMARLE COUNCIL MEMBER AT-LARGE - DEM,,DEM,Martha Sue Hall,148
STANLY,ABSENTEE BY MAIL,CITY OF ALBEMARLE COUNCIL MEMBER AT-LARGE - DEM,,DEM,Martha Sue Hall,8
STANLY,PROVISIONAL,CITY OF ALBEMARLE COUNCIL MEMBER AT-LARGE - DEM,,DEM,Martha Sue Hall,0
STANLY,0002_ALBEMARLE NUMBER 2,CITY OF ALBEMARLE COUNCIL MEMBER AT-LARGE - DEM,,DEM,Troy Alexander,27
STANLY,0003_ALBEMARLE NUMBER 3,CITY OF ALBEMARLE COUNCIL MEMBER AT-LARGE - DEM,,DEM,Troy Alexander,158
STANLY,0007_ALBEMARLE NUMBER 7,CITY OF ALBEMARLE COUNCIL MEMBER AT-LARGE - DEM,,DEM,Troy Alexander,69
STANLY,0008_ALBEMARLE NUMBER 8,CITY OF ALBEMARLE COUNCIL MEMBER AT-LARGE - DEM,,DEM,Troy Alexander,45
STANLY,0010_ALBEMARLE NUMBER 10,CITY OF ALBEMARLE COUNCIL MEMBER AT-LARGE - DEM,,DEM,Troy Alexander,52
STANLY,0011_ALBEMARLE NUMBER 11,CITY OF ALBEMARLE COUNCIL MEMBER AT-LARGE - DEM,,DEM,Troy Alexander,49
STANLY,0012_NORTH ALBEMARLE,CITY OF ALBEMARLE COUNCIL MEMBER AT-LARGE - DEM,,DEM,Troy Alexander,0
STANLY,0013_SOUTH ALBEMARLE,CITY OF ALBEMARLE COUNCIL MEMBER AT-LARGE - DEM,,DEM,Troy Alexander,0
STANLY,ONE STOP,CITY OF ALBEMARLE COUNCIL MEMBER AT-LARGE - DEM,,DEM,Troy Alexander,123
STANLY,ABSENTEE BY MAIL,CITY OF ALBEMARLE COUNCIL MEMBER AT-LARGE - DEM,,DEM,Troy Alexander,5
STANLY,PROVISIONAL,CITY OF ALBEMARLE COUNCIL MEMBER AT-LARGE - DEM,,DEM,Troy Alexander,0
STANLY,0002_ALBEMARLE NUMBER 2,CITY OF ALBEMARLE COUNCIL MEMBER DISTRICT 3 - DEM,3,DEM,Jeanette M. Napier,9
STANLY,0003_ALBEMARLE NUMBER 3,CITY OF ALBEMARLE COUNCIL MEMBER DISTRICT 3 - DEM,3,DEM,Jeanette M. Napier,22
STANLY,0011_ALBEMARLE NUMBER 11,CITY OF ALBEMARLE COUNCIL MEMBER DISTRICT 3 - DEM,3,DEM,Jeanette M. Napier,18
STANLY,0012_NORTH ALBEMARLE,CITY OF ALBEMARLE COUNCIL MEMBER DISTRICT 3 - DEM,3,DEM,Jeanette M. Napier,0
STANLY,ONE STOP,CITY OF ALBEMARLE COUNCIL MEMBER DISTRICT 3 - DEM,3,DEM,Jeanette M. Napier,31
STANLY,ABSENTEE BY MAIL,CITY OF ALBEMARLE COUNCIL MEMBER DISTRICT 3 - DEM,3,DEM,Jeanette M. Napier,0
STANLY,PROVISIONAL,CITY OF ALBEMARLE COUNCIL MEMBER DISTRICT 3 - DEM,3,DEM,Jeanette M. Napier,0
STANLY,0002_ALBEMARLE NUMBER 2,CITY OF ALBEMARLE COUNCIL MEMBER DISTRICT 3 - DEM,3,DEM,Ronnie Michael,15
STANLY,0003_ALBEMARLE NUMBER 3,CITY OF ALBEMARLE COUNCIL MEMBER DISTRICT 3 - DEM,3,DEM,Ronnie Michael,75
STANLY,0011_ALBEMARLE NUMBER 11,CITY OF ALBEMARLE COUNCIL MEMBER DISTRICT 3 - DEM,3,DEM,Ronnie Michael,75
STANLY,0012_NORTH ALBEMARLE,CITY OF ALBEMARLE COUNCIL MEMBER DISTRICT 3 - DEM,3,DEM,Ronnie Michael,0
STANLY,ONE STOP,CITY OF ALBEMARLE COUNCIL MEMBER DISTRICT 3 - DEM,3,DEM,Ronnie Michael,49
STANLY,ABSENTEE BY MAIL,CITY OF ALBEMARLE COUNCIL MEMBER DISTRICT 3 - DEM,3,DEM,Ronnie Michael,4
STANLY,PROVISIONAL,CITY OF ALBEMARLE COUNCIL MEMBER DISTRICT 3 - DEM,3,DEM,Ronnie Michael,0
